2.475869e-10 3.8388825e-14 
2.708041e-10 3.891033e-14 
2.567457e-10 3.8645622e-14 
2.677305e-10 3.8766069e-14 
2.923185e-10 3.8902635e-14 
2.642431e-10 3.8561598e-14 
2.833132e-10 3.8733471e-14 
2.885291e-10 3.8832237e-14 
2.69215e-10 3.8581731e-14 
2.87721e-10 3.8584242e-14 
2.527172e-10 3.8742606e-14 
2.614388e-10 3.8774286e-14 
2.788752e-10 3.8809233e-14 
2.665217e-10 3.8569788e-14 
2.514271e-10 3.8495268e-14 
2.71403e-10 3.8672001e-14 
2.568313e-10 3.8766582e-14 
2.643779e-10 3.8889108e-14 
2.680334e-10 3.8607687e-14 
2.916627e-10 3.8834172e-14 
3.028798e-10 3.8570994e-14 
2.836319e-10 3.8716362e-14 
2.503533e-10 3.867561e-14 
2.880318e-10 3.8706633e-14 
2.694923e-10 3.8528721e-14 
2.68746e-10 3.8432763e-14 
2.71207e-10 3.8581965e-14 
2.726991e-10 3.831462e-14 
2.80477e-10 3.8459025e-14 
2.86041e-10 3.8771127e-14 
2.843266e-10 3.8585583e-14 
2.637419e-10 3.8734956e-14 
2.597075e-10 3.8688435e-14 
2.824206e-10 3.865293e-14 
2.59163e-10 3.8939571e-14 
2.766921e-10 3.8595528e-14 
2.736607e-10 3.8748825e-14 
2.7559e-10 3.8904327e-14 
2.753049e-10 3.8767374e-14 
2.675679e-10 3.8683467e-14 
2.69328e-10 3.8814786e-14 
3.056347e-10 3.8558907e-14 
2.573242e-10 3.8481012e-14 
2.687228e-10 3.873159e-14 
2.631482e-10 3.8353113e-14 
2.548383e-10 3.8620314e-14 
2.634503e-10 3.8595411e-14 
2.760488e-10 3.890043e-14 
2.620883e-10 3.8510685e-14 
2.701459e-10 3.8952369e-14 
2.59866e-10 3.8644389e-14 
2.560782e-10 3.8744982e-14 
2.744233e-10 3.9017583e-14 
2.804518e-10 3.8645073e-14 
2.692475e-10 3.8727909e-14 
2.662366e-10 3.8627982e-14 
2.843061e-10 3.8580318e-14 
2.714732e-10 3.8535462e-14 
2.545754e-10 3.8737737e-14 
2.985968e-10 3.8710935e-14 
2.644298e-10 3.8636514e-14 
2.715986e-10 3.8797353e-14 
2.77763e-10 3.8660688e-14 
2.740585e-10 3.8725686e-14 
2.808682e-10 3.8576673e-14 
2.849796e-10 3.8872161e-14 
2.726298e-10 3.8653146e-14 
2.627471e-10 3.8804499e-14 
2.55079e-10 3.8813625e-14 
2.682847e-10 3.8583918e-14 
2.762105e-10 3.8711655e-14 
2.707947e-10 3.8731716e-14 
2.552431e-10 3.8740626e-14 
2.669447e-10 3.8460627e-14 
2.559221e-10 3.8728359e-14 
2.473693e-10 3.8712222e-14 
2.708622e-10 3.8568393e-14 
2.883969e-10 3.8886201e-14 
2.93111e-10 3.8518767e-14 
2.71401e-10 3.8575575e-14 
2.671024e-10 3.8599722e-14 
2.471598e-10 3.8517975e-14 
2.742529e-10 3.871242e-14 
2.664588e-10 3.8687517e-14 
2.958712e-10 3.8713248e-14 
2.824793e-10 3.861207e-14 
2.883754e-10 3.8583054e-14 
2.753168e-10 3.8829915e-14 
2.726174e-10 3.8731266e-14 
2.654393e-10 3.8716947e-14 
2.77125e-10 3.8985678e-14 
2.677219e-10 3.8678562e-14 
2.670346e-10 3.8384919e-14 
2.865665e-10 3.8601837e-14 
2.682274e-10 3.8349774e-14 
2.762918e-10 3.8587257e-14 
2.720548e-10 3.8504268e-14 
2.73133e-10 3.9061431e-14 
2.728273e-10 3.8486439e-14 
2.716003e-10 3.856032e-14 
2.770907e-10 3.8598174e-14 
2.507031e-10 3.8554542e-14 
2.570324e-10 3.8896857e-14 
2.572222e-10 3.8515518e-14 
2.768217e-10 3.8560788e-14 
2.655181e-10 3.8806812e-14 
2.764559e-10 3.8526012e-14 
2.705817e-10 3.863484e-14 
2.782777e-10 3.8673612e-14 
2.543064e-10 3.8752929e-14 
2.788269e-10 3.8560617e-14 
2.710543e-10 3.8722941e-14 
2.682061e-10 3.8737854e-14 
2.733583e-10 3.8522268e-14 
2.73777e-10 3.8768526e-14 
2.660167e-10 3.8810844e-14 
2.766145e-10 3.850794e-14 
2.604861e-10 3.8738961e-14 
2.448474e-10 3.9068604e-14 
2.902203e-10 3.8782854e-14 
2.731799e-10 3.8463714e-14 
2.658502e-10 3.8360448e-14 
2.772061e-10 3.8559906e-14 
2.618113e-10 3.8680533e-14 
2.613709e-10 3.8616309e-14 
2.666857e-10 3.8401083e-14 
2.832025e-10 3.8669265e-14 
2.844121e-10 3.8677149e-14 
2.584664e-10 3.8588958e-14 
2.913591e-10 3.8509191e-14 
2.793935e-10 3.8617911e-14 
2.706129e-10 3.8763405e-14 
2.623191e-10 3.871809e-14 
2.644561e-10 3.8667978e-14 
2.649723e-10 3.8871864e-14 
2.73249e-10 3.8749788e-14 
2.927012e-10 3.8535462e-14 
2.761178e-10 3.8506662e-14 
2.798036e-10 3.8834694e-14 
2.629225e-10 3.8679336e-14 
2.59692e-10 3.8658789e-14 
2.742604e-10 3.8913282e-14 
2.721898e-10 3.8741571e-14 
2.696859e-10 3.8602584e-14 
2.715498e-10 3.82977e-14 
2.803868e-10 3.8508246e-14 
2.759382e-10 3.8506185e-14 
2.586249e-10 3.8645037e-14 
2.643691e-10 3.8686122e-14 
2.735852e-10 3.8697651e-14 
2.904762e-10 3.8567772e-14 
2.528174e-10 3.8616768e-14 
2.569924e-10 3.8616786e-14 
2.690499e-10 3.8746611e-14 
2.588442e-10 3.8797695e-14 
2.7268e-10 3.8610009e-14 
2.697467e-10 3.8653983e-14 
2.647853e-10 3.8735163e-14 
2.544918e-10 3.8743299e-14 
2.811569e-10 3.8673531e-14 
2.667268e-10 3.8688291e-14 
2.64705e-10 3.8532231e-14 
2.698925e-10 3.8658105e-14 
2.783805e-10 3.860208e-14 
2.482242e-10 3.863124e-14 
2.876351e-10 3.8685519e-14 
2.635075e-10 3.8663901e-14 
2.604465e-10 3.8525391e-14 
2.592645e-10 3.8742381e-14 
2.754709e-10 3.8599146e-14 
2.756243e-10 3.8812842e-14 
2.563847e-10 3.852099e-14 
2.495343e-10 3.8727603e-14 
2.743522e-10 3.8543175e-14 
2.663981e-10 3.8612214e-14 
2.635779e-10 3.8549781e-14 
2.527589e-10 3.8565837e-14 
2.534898e-10 3.8762136e-14 
2.780534e-10 3.8632374e-14 
2.497855e-10 3.8714805e-14 
2.618205e-10 3.8783493e-14 
2.764931e-10 3.8573001e-14 
2.761902e-10 3.8613519e-14 
2.655954e-10 3.8837754e-14 
2.690871e-10 3.859344e-14 
2.677783e-10 3.8719557e-14 
2.709549e-10 3.8615481e-14 
2.823135e-10 3.864762e-14 
2.783501e-10 3.8766582e-14 
2.677081e-10 3.8583108e-14 
2.612765e-10 3.8889126e-14 
2.754367e-10 3.872916e-14 
2.708093e-10 3.8925846e-14 
2.801477e-10 3.8739348e-14 
2.491267e-10 3.8576898e-14 
2.689243e-10 3.8931111e-14 
2.82262e-10 3.908088e-14 
2.6149e-10 3.8780838e-14 
2.694365e-10 3.8676582e-14 
2.635397e-10 3.8641239e-14 
2.598863e-10 3.8634723e-14 
2.839133e-10 3.8628945e-14 
2.728268e-10 3.8887641e-14 
2.730654e-10 3.9005748e-14 
2.699151e-10 3.8582514e-14 
2.511115e-10 3.8535642e-14 
2.749662e-10 3.8464398e-14 
2.854534e-10 3.874023e-14 
2.61021e-10 3.873114e-14 
2.646851e-10 3.8680767e-14 
2.672144e-10 3.8773701e-14 
2.909607e-10 3.8510514e-14 
2.664708e-10 3.8790621e-14 
2.731836e-10 3.8581209e-14 
2.791733e-10 3.8847384e-14 
2.566385e-10 3.8887515e-14 
2.88348e-10 3.9000861e-14 
2.580849e-10 3.8695293e-14 
2.58881e-10 3.8587122e-14 
2.485389e-10 3.8699478e-14 
2.794672e-10 3.8790657e-14 
2.729688e-10 3.8867643e-14 
2.725364e-10 3.846186e-14 
2.702589e-10 3.8513079e-14 
2.62504e-10 3.860667e-14 
2.806527e-10 3.8580507e-14 
2.577548e-10 3.8616696e-14 
2.768791e-10 3.8775276e-14 
2.705926e-10 3.8540682e-14 
2.829089e-10 3.8921598e-14 
2.638536e-10 3.8732868e-14 
2.708704e-10 3.8707434e-14 
2.727962e-10 3.8698236e-14 
2.796895e-10 3.8536623e-14 
2.879991e-10 3.8622879e-14 
2.60745e-10 3.8633328e-14 
2.759958e-10 3.8706957e-14 
2.730513e-10 3.8546874e-14 
2.744006e-10 3.8443896e-14 
2.705803e-10 3.8693925e-14 
2.664231e-10 3.8599893e-14 
2.739412e-10 3.8663325e-14 
2.841501e-10 3.8711763e-14 
2.648165e-10 3.8772783e-14 
2.636812e-10 3.8927484e-14 
2.558109e-10 3.8720538e-14 
2.625201e-10 3.8796102e-14 
2.759603e-10 3.8618901e-14 
2.647018e-10 3.8617443e-14 
2.821858e-10 3.8566305e-14 
2.624753e-10 3.883968e-14 
2.579508e-10 3.8816217e-14 
2.799863e-10 3.8435976e-14 
2.522609e-10 3.8604969e-14 
2.469665e-10 3.8660688e-14 
2.779173e-10 3.8735685e-14 
2.688145e-10 3.8769165e-14 
2.773062e-10 3.8685762e-14 
2.555976e-10 3.8724399e-14 
2.617854e-10 3.8577267e-14 
2.709087e-10 3.8427291e-14 
2.810054e-10 3.8732652e-14 
2.793778e-10 3.9121839e-14 
2.788246e-10 3.8678238e-14 
2.938231e-10 3.8771118e-14 
2.816778e-10 3.8830005e-14 
2.589356e-10 3.8556513e-14 
2.722319e-10 3.8914029e-14 
2.628151e-10 3.8402919e-14 
2.706032e-10 3.8711835e-14 
2.639621e-10 3.8573514e-14 
2.625068e-10 3.8724795e-14 
2.771668e-10 3.898539e-14 
2.673146e-10 3.8819565e-14 
2.653111e-10 3.8614365e-14 
2.575451e-10 3.8500956e-14 
2.725963e-10 3.8974491e-14 
2.927965e-10 3.8700396e-14 
2.758134e-10 3.8957238e-14 
2.621463e-10 3.8630484e-14 
2.711583e-10 3.8537316e-14 
2.607134e-10 3.8556135e-14 
2.658893e-10 3.8614239e-14 
2.714968e-10 3.8884536e-14 
2.712945e-10 3.8685438e-14 
2.781748e-10 3.8655171e-14 
2.702965e-10 3.8700945e-14 
2.708822e-10 3.8747511e-14 
2.760919e-10 3.8760264e-14 
2.718194e-10 3.8540511e-14 
2.611557e-10 3.872565e-14 
2.582469e-10 3.8605932e-14 
2.632462e-10 3.8639529e-14 
2.660358e-10 3.8657601e-14 
2.658738e-10 3.8897136e-14 
2.689243e-10 3.8931111e-14 
2.809423e-10 3.8502558e-14 
2.809338e-10 3.878892e-14 
2.668546e-10 3.8593224e-14 
2.728075e-10 3.8792241e-14 
2.798971e-10 3.8694186e-14 
2.693151e-10 3.8707587e-14 
2.717598e-10 3.8768373e-14 
2.934907e-10 3.8600595e-14 
2.590824e-10 3.8680299e-14 
2.601461e-10 3.8424753e-14 
2.749406e-10 3.8817126e-14 
2.778232e-10 3.8952081e-14 
2.615635e-10 3.8724579e-14 
2.980807e-10 3.8610774e-14 
2.570602e-10 3.8410074e-14 
2.848742e-10 3.8530287e-14 
2.753084e-10 3.842775e-14 
2.568849e-10 3.8647296e-14 
2.821224e-10 3.885597e-14 
2.837332e-10 3.8569617e-14 
2.560349e-10 3.8422773e-14 
2.774552e-10 3.8735586e-14 
2.78386e-10 3.8839392e-14 
2.77463e-10 3.8606238e-14 
2.793364e-10 3.8945304e-14 
2.754641e-10 3.8717865e-14 
2.516213e-10 3.8714742e-14 
2.725198e-10 3.8717514e-14 
2.816878e-10 3.8751633e-14 
2.579668e-10 3.8610603e-14 
2.83972e-10 3.8975058e-14 
2.837103e-10 3.8692485e-14 
2.795645e-10 3.8814705e-14 
2.797355e-10 3.9075462e-14 
2.664736e-10 3.8813346e-14 
2.554846e-10 3.8472426e-14 
2.602792e-10 3.8802879e-14 
2.708491e-10 3.865716e-14 
2.699722e-10 3.8812743e-14 
2.666834e-10 3.8395089e-14 
2.680016e-10 3.8843685e-14 
2.914326e-10 3.8513295e-14 
2.796857e-10 3.8421963e-14 
2.60225e-10 3.8556153e-14 
2.805103e-10 3.9023496e-14 
2.66956e-10 3.8728737e-14 
2.750497e-10 3.8677869e-14 
2.725754e-10 3.875004e-14 
2.752264e-10 3.8726946e-14 
2.83777e-10 3.8541366e-14 
2.830598e-10 3.8794734e-14 
2.729535e-10 3.8740797e-14 
2.582865e-10 3.8658663e-14 
2.575786e-10 3.8815794e-14 
2.498456e-10 3.8545218e-14 
2.610857e-10 3.8887614e-14 
2.698321e-10 3.8586879e-14 
2.73765e-10 3.8610117e-14 
2.5588e-10 3.8542302e-14 
2.8086e-10 3.891492e-14 
2.662567e-10 3.8533068e-14 
2.771111e-10 3.877857e-14 
2.573066e-10 3.8585124e-14 
2.942616e-10 3.8856483e-14 
2.691972e-10 3.8788389e-14 
2.584233e-10 3.8747124e-14 
2.843699e-10 3.8479284e-14 
2.613135e-10 3.8476953e-14 
2.730983e-10 3.8631096e-14 
2.864978e-10 3.8957067e-14 
2.678335e-10 3.8310822e-14 
2.691082e-10 3.8482767e-14 
2.535777e-10 3.8622816e-14 
2.879133e-10 3.8843019e-14 
2.728335e-10 3.881466e-14 
2.739206e-10 3.8757474e-14 
2.601943e-10 3.8594232e-14 
2.654884e-10 3.8730492e-14 
3.03366e-10 3.8910627e-14 
2.756537e-10 3.8759994e-14 
2.764592e-10 3.8944395e-14 
2.568229e-10 3.8476818e-14 
2.787382e-10 3.8838789e-14 
2.832869e-10 3.8789613e-14 
2.812643e-10 3.8830446e-14 
2.641689e-10 3.8521989e-14 
2.621149e-10 3.8683674e-14 
2.70539e-10 3.8732076e-14 
2.727808e-10 3.8486673e-14 
2.722945e-10 3.8664495e-14 
2.759934e-10 3.8627271e-14 
2.730151e-10 3.8686266e-14 
2.572513e-10 3.8678247e-14 
2.955268e-10 3.8703816e-14 
2.711097e-10 3.8633157e-14 
2.603342e-10 3.8489445e-14 
2.661202e-10 3.8519127e-14 
2.742571e-10 3.8754126e-14 
2.759312e-10 3.8574531e-14 
2.655639e-10 3.8771217e-14 
2.88463e-10 3.8656413e-14 
2.744852e-10 3.8987973e-14 
2.84716e-10 3.86847e-14 
2.795846e-10 3.8593521e-14 
2.660908e-10 3.8613555e-14 
2.72386e-10 3.8697102e-14 
2.604644e-10 3.8339973e-14 
2.789598e-10 3.8857005e-14 
2.608726e-10 3.8443455e-14 
2.71857e-10 3.8748411e-14 
2.971139e-10 3.8965815e-14 
2.732622e-10 3.8718891e-14 
2.675412e-10 3.8730141e-14 
2.660078e-10 3.8793096e-14 
3.023666e-10 3.8603295e-14 
2.531881e-10 3.8542923e-14 
2.979225e-10 3.8596491e-14 
2.696362e-10 3.8756997e-14 
2.640714e-10 3.8556324e-14 
2.556186e-10 3.8492001e-14 
2.573309e-10 3.8584494e-14 
2.906952e-10 3.8727621e-14 
2.496149e-10 3.8531853e-14 
2.62125e-10 3.866508e-14 
2.702493e-10 3.8649969e-14 
2.660517e-10 3.854205e-14 
2.609196e-10 3.8479797e-14 
2.866275e-10 3.872538e-14 
2.56834e-10 3.8624904e-14 
2.735463e-10 3.8939985e-14 
2.728683e-10 3.8755449e-14 
2.636238e-10 3.8531232e-14 
2.804598e-10 3.857274e-14 
2.844086e-10 3.8551716e-14 
2.855646e-10 3.8620782e-14 
2.789642e-10 3.8501883e-14 
2.497444e-10 3.8745756e-14 
2.698487e-10 3.868038e-14 
2.629151e-10 3.8627487e-14 
2.748716e-10 3.8414385e-14 
2.787354e-10 3.8835828e-14 
2.743135e-10 3.8529108e-14 
2.786502e-10 3.9015144e-14 
2.519105e-10 3.8784465e-14 
2.617612e-10 3.8820663e-14 
2.563282e-10 3.8613744e-14 
2.83047e-10 3.8678031e-14 
2.623527e-10 3.8570184e-14 
2.58302e-10 3.8612007e-14 
2.708345e-10 3.8541582e-14 
2.751384e-10 3.8575944e-14 
2.825164e-10 3.8731788e-14 
2.613531e-10 3.864582e-14 
2.56555e-10 3.8765349e-14 
2.629567e-10 3.8580354e-14 
2.718237e-10 3.8710935e-14 
2.608035e-10 3.8914317e-14 
2.621406e-10 3.86604e-14 
2.739591e-10 3.858471e-14 
2.7018e-10 3.8649699e-14 
2.807769e-10 3.8752218e-14 
2.681508e-10 3.9132198e-14 
2.55214e-10 3.8704374e-14 
2.505155e-10 3.8430639e-14 
2.497656e-10 3.872097e-14 
2.614671e-10 3.8593512e-14 
2.794576e-10 3.8805363e-14 
2.870837e-10 3.8737341e-14 
2.791284e-10 3.8686104e-14 
2.69007e-10 3.8567547e-14 
2.615823e-10 3.8484144e-14 
2.735917e-10 3.8645055e-14 
2.748453e-10 3.8755233e-14 
2.769555e-10 3.8490237e-14 
2.634426e-10 3.8655135e-14 
2.71401e-10 3.8575575e-14 
2.50013e-10 3.8474415e-14 
2.939621e-10 3.8619018e-14 
2.709235e-10 3.8636775e-14 
2.896904e-10 3.8488725e-14 
2.619377e-10 3.8730285e-14 
2.678826e-10 3.8635398e-14 
2.732708e-10 3.855528e-14 
2.672821e-10 3.8893212e-14 
2.583011e-10 3.8492694e-14 
2.848818e-10 3.8723967e-14 
2.542645e-10 3.8595987e-14 
2.620571e-10 3.8521638e-14 
2.752842e-10 3.8819673e-14 
2.809112e-10 3.8597121e-14 
2.635889e-10 3.863754e-14 
2.880688e-10 3.8610999e-14 
2.524046e-10 3.8999331e-14 
2.537169e-10 3.8690955e-14 
2.686821e-10 3.8696103e-14 
2.590256e-10 3.8733093e-14 
2.595059e-10 3.8565297e-14 
2.790902e-10 3.8497635e-14 
2.483971e-10 3.8824623e-14 
2.595175e-10 3.8667654e-14 
2.787882e-10 3.8696769e-14 
3.060553e-10 3.8673918e-14 
2.667995e-10 3.8711898e-14 
2.709895e-10 3.8460978e-14 
2.6457e-10 3.8652768e-14 
2.71112e-10 3.8538054e-14 
3.027548e-10 3.8489706e-14 
2.863118e-10 3.8775321e-14 
2.65052e-10 3.8661831e-14 
2.760712e-10 3.8512548e-14 
2.891513e-10 3.8681883e-14 
2.691571e-10 3.8577672e-14 
2.687179e-10 3.8558844e-14 
2.640121e-10 3.8843271e-14 
2.878494e-10 3.8799054e-14 
2.678817e-10 3.8868732e-14 
2.558098e-10 3.8398428e-14 
2.646588e-10 3.8566818e-14 
2.623751e-10 3.8581056e-14 
2.690899e-10 3.876498e-14 
2.719012e-10 3.8489706e-14 
2.636274e-10 3.8700135e-14 
2.545339e-10 3.8618829e-14 
2.610417e-10 3.8532051e-14 
2.821958e-10 3.8879037e-14 
2.583469e-10 3.8838528e-14 
2.683363e-10 3.8521737e-14 
2.541268e-10 3.860694e-14 
2.621057e-10 3.8550798e-14 
2.746856e-10 3.8293668e-14 
2.556954e-10 3.8477412e-14 
2.615869e-10 3.8786301e-14 
2.53323e-10 3.8702988e-14 
2.889604e-10 3.8637495e-14 
2.763238e-10 3.8752353e-14 
2.56992e-10 3.8312793e-14 
2.63865e-10 3.8794824e-14 
2.665072e-10 3.8748573e-14 
2.674401e-10 3.8421927e-14 
2.846683e-10 3.8791683e-14 
2.998391e-10 3.8761146e-14 
2.544296e-10 3.8446785e-14 
2.768719e-10 3.8649465e-14 
2.575037e-10 3.8469582e-14 
2.739905e-10 3.8495718e-14 
2.856738e-10 3.8509686e-14 
2.706719e-10 3.8601306e-14 
2.64376e-10 3.8587536e-14 
2.857836e-10 3.8462094e-14 
2.73874e-10 3.8875392e-14 
2.778885e-10 3.8689488e-14 
2.632198e-10 3.8765772e-14 
2.704312e-10 3.8786778e-14 
2.786374e-10 3.8630313e-14 
2.753634e-10 3.8598705e-14 
2.68265e-10 3.8588742e-14 
2.568003e-10 3.8420316e-14 
2.883261e-10 3.8491605e-14 
2.654774e-10 3.8436705e-14 
2.743148e-10 3.8573586e-14 
2.702814e-10 3.8633931e-14 
2.584857e-10 3.8571849e-14 
3.086368e-10 3.8605806e-14 
2.701696e-10 3.8735226e-14 
2.623541e-10 3.8571354e-14 
2.862543e-10 3.8579742e-14 
2.70591e-10 3.8684232e-14 
2.620208e-10 3.8680362e-14 
2.819558e-10 3.8382966e-14 
2.773995e-10 3.867462e-14 
2.795499e-10 3.8427048e-14 
2.661435e-10 3.8679345e-14 
2.736133e-10 3.8798775e-14 
2.851618e-10 3.8910834e-14 
2.690081e-10 3.8460384e-14 
2.773916e-10 3.8814156e-14 
2.879438e-10 3.8865933e-14 
2.678596e-10 3.8718081e-14 
2.63318e-10 3.8639889e-14 
2.568199e-10 3.8511e-14 
2.614261e-10 3.8418588e-14 
2.614024e-10 3.8668644e-14 
2.592857e-10 3.8712366e-14 
2.510398e-10 3.8924064e-14 
2.45882e-10 3.8580552e-14 
2.756681e-10 3.8448261e-14 
2.62645e-10 3.8699901e-14 
2.884589e-10 3.8744901e-14 
2.894249e-10 3.8380401e-14 
2.604203e-10 3.8764035e-14 
2.879285e-10 3.8448414e-14 
2.623226e-10 3.8464209e-14 
2.634641e-10 3.8625867e-14 
2.656301e-10 3.8612304e-14 
2.687256e-10 3.8775924e-14 
2.767175e-10 3.8745909e-14 
2.71873e-10 3.8487096e-14 
2.830506e-10 3.8500587e-14 
2.607639e-10 3.8625102e-14 
2.588401e-10 3.8677302e-14 
2.786791e-10 3.8729916e-14 
2.72568e-10 3.878028e-14 
2.718682e-10 3.8547513e-14 
2.778825e-10 3.8812158e-14 
3.054533e-10 3.8668581e-14 
2.580998e-10 3.8485962e-14 
2.784484e-10 3.8760003e-14 
3.049098e-10 3.8485566e-14 
2.674967e-10 3.8713617e-14 
2.741279e-10 3.8632536e-14 
2.737267e-10 3.8755332e-14 
2.629049e-10 3.8573568e-14 
2.698798e-10 3.8796939e-14 
2.698119e-10 3.8837223e-14 
2.687944e-10 3.8880009e-14 
2.841171e-10 3.8549763e-14 
2.85645e-10 3.8902311e-14 
2.793901e-10 3.8820357e-14 
2.7315e-10 3.8962152e-14 
2.566374e-10 3.8625714e-14 
2.743854e-10 3.8546001e-14 
2.71837e-10 3.8737017e-14 
2.651372e-10 3.8621898e-14 
2.654637e-10 3.8411325e-14 
2.70901e-10 3.875157e-14 
2.789914e-10 3.8567673e-14 
2.789573e-10 3.8555469e-14 
2.590385e-10 3.848598e-14 
2.509023e-10 3.8648385e-14 
2.815831e-10 3.8765799e-14 
2.621861e-10 3.8693619e-14 
2.85372e-10 3.8596302e-14 
2.596517e-10 3.8327373e-14 
2.734041e-10 3.8621007e-14 
2.634328e-10 3.8823147e-14 
2.658903e-10 3.8612817e-14 
2.604239e-10 3.8706021e-14 
2.666305e-10 3.8550663e-14 
2.857325e-10 3.8839023e-14 
2.563871e-10 3.8783772e-14 
2.785344e-10 3.9128922e-14 
2.59027e-10 3.8505627e-14 
2.756529e-10 3.9002787e-14 
2.714932e-10 3.8818422e-14 
2.71149e-10 3.8562237e-14 
2.946243e-10 3.8677599e-14 
2.590307e-10 3.8721015e-14 
2.766218e-10 3.8696148e-14 
2.631337e-10 3.8508183e-14 
2.597753e-10 3.853602e-14 
2.780023e-10 3.8570805e-14 
2.659892e-10 3.8651373e-14 
2.525143e-10 3.871332e-14 
2.527366e-10 3.8729637e-14 
2.689864e-10 3.8616021e-14 
2.693096e-10 3.8615103e-14 
2.608572e-10 3.8809134e-14 
2.632285e-10 3.8599236e-14 
2.74796e-10 3.8538252e-14 
2.866984e-10 3.861621e-14 
2.573129e-10 3.8959812e-14 
2.658437e-10 3.890259e-14 
2.811096e-10 3.8558979e-14 
2.722784e-10 3.8479968e-14 
2.687745e-10 3.8598381e-14 
2.836611e-10 3.8802816e-14 
2.644523e-10 3.8475855e-14 
2.558243e-10 3.865761e-14 
2.593985e-10 3.8402865e-14 
2.706007e-10 3.8319399e-14 
2.666733e-10 3.8587905e-14 
2.658696e-10 3.8816631e-14 
2.719877e-10 3.8688282e-14 
2.818637e-10 3.8738538e-14 
2.524747e-10 3.8386224e-14 
2.658669e-10 3.8803824e-14 
2.713167e-10 3.8514051e-14 
2.674066e-10 3.8713725e-14 
2.754848e-10 3.8732832e-14 
2.707056e-10 3.8745882e-14 
2.766237e-10 3.8831301e-14 
2.767957e-10 3.8775168e-14 
2.626564e-10 3.8630151e-14 
2.581789e-10 3.8752668e-14 
2.617174e-10 3.8831049e-14 
2.833258e-10 3.8666502e-14 
2.584524e-10 3.8753496e-14 
2.897857e-10 3.8290464e-14 
2.895303e-10 3.8735748e-14 
2.626675e-10 3.8612727e-14 
2.873488e-10 3.8748834e-14 
2.713205e-10 3.8529414e-14 
2.982059e-10 3.8803491e-14 
2.806736e-10 3.8820771e-14 
2.647678e-10 3.8597868e-14 
2.635706e-10 3.8473146e-14 
2.687348e-10 3.8494269e-14 
2.665824e-10 3.8516085e-14 
2.620643e-10 3.8357127e-14 
2.857498e-10 3.8773098e-14 
2.547003e-10 3.8393541e-14 
2.573279e-10 3.8981241e-14 
2.759965e-10 3.864753e-14 
2.730238e-10 3.8505033e-14 
2.943667e-10 3.8793402e-14 
2.768011e-10 3.8814462e-14 
2.776804e-10 3.8746314e-14 
2.584834e-10 3.8558565e-14 
2.669797e-10 3.8622591e-14 
2.539119e-10 3.9085434e-14 
2.545168e-10 3.8654388e-14 
2.595784e-10 3.8922039e-14 
2.50656e-10 3.8790315e-14 
2.804031e-10 3.8774502e-14 
2.686491e-10 3.8712483e-14 
2.531094e-10 3.8929329e-14 
2.904528e-10 3.8851812e-14 
2.67419e-10 3.8616354e-14 
2.693948e-10 3.8738754e-14 
2.496351e-10 3.8486124e-14 
2.526064e-10 3.8742336e-14 
2.711973e-10 3.844359e-14 
2.562944e-10 3.8788803e-14 
2.713254e-10 3.8426517e-14 
2.759487e-10 3.877425e-14 
2.826508e-10 3.9062907e-14 
2.622332e-10 3.8742831e-14 
2.712747e-10 3.8649465e-14 
2.75494e-10 3.874221e-14 
2.722682e-10 3.8722446e-14 
2.564965e-10 3.8620134e-14 
3.013251e-10 3.8890053e-14 
2.59406e-10 3.8635749e-14 
2.707047e-10 3.8519838e-14 
2.53983e-10 3.84183e-14 
2.628392e-10 3.8524149e-14 
2.651429e-10 3.8648862e-14 
2.694818e-10 3.873024e-14 
2.716759e-10 3.8718342e-14 
2.682541e-10 3.8635542e-14 
2.478757e-10 3.8789046e-14 
2.718118e-10 3.8904165e-14 
2.869053e-10 3.9012084e-14 
2.637936e-10 3.8531682e-14 
2.669374e-10 3.8808936e-14 
2.881934e-10 3.8545668e-14 
2.81036e-10 3.8627262e-14 
2.627198e-10 3.8383011e-14 
2.601825e-10 3.8322e-14 
2.805713e-10 3.865311e-14 
2.699378e-10 3.8440746e-14 
2.84641e-10 3.8823048e-14 
2.632294e-10 3.8630547e-14 
2.74203e-10 3.8709225e-14 
2.587472e-10 3.8476044e-14 
2.703605e-10 3.8774682e-14 
2.864434e-10 3.8696733e-14 
2.633236e-10 3.8619126e-14 
2.764513e-10 3.8677086e-14 
2.736632e-10 3.8798964e-14 
2.812945e-10 3.897936e-14 
2.768193e-10 3.85929e-14 
2.679568e-10 3.851793e-14 
2.908705e-10 3.8650293e-14 
2.69116e-10 3.8706012e-14 
2.551013e-10 3.8518866e-14 
2.784548e-10 3.8502144e-14 
2.736742e-10 3.885345e-14 
2.625365e-10 3.8514969e-14 
2.673864e-10 3.8600937e-14 
2.651586e-10 3.8549898e-14 
2.725713e-10 3.8696625e-14 
2.609923e-10 3.8590866e-14 
2.817573e-10 3.8710107e-14 
2.71446e-10 3.8607615e-14 
2.84277e-10 3.8646306e-14 
2.726647e-10 3.9014136e-14 
2.757761e-10 3.8597445e-14 
2.523435e-10 3.8597607e-14 
2.728306e-10 3.9070827e-14 
2.794388e-10 3.875544e-14 
2.854948e-10 3.8804175e-14 
2.521435e-10 3.8519712e-14 
2.774481e-10 3.8723139e-14 
2.676229e-10 3.9023037e-14 
2.534106e-10 3.8610585e-14 
2.59532e-10 3.8584809e-14 
2.731925e-10 3.8861955e-14 
2.708237e-10 3.8790108e-14 
2.748547e-10 3.8784537e-14 
2.749255e-10 3.8823822e-14 
2.767719e-10 3.8504493e-14 
2.619033e-10 3.8620791e-14 
2.623034e-10 3.8686824e-14 
2.732622e-10 3.8718891e-14 
2.717046e-10 3.9068127e-14 
2.74022e-10 3.8700774e-14 
2.675501e-10 3.8804553e-14 
2.616532e-10 3.851703e-14 
2.669427e-10 3.8760066e-14 
2.935161e-10 3.8686455e-14 
2.531477e-10 3.8701125e-14 
2.848149e-10 3.8946555e-14 
2.611049e-10 3.8655e-14 
2.791038e-10 3.8818404e-14 
2.789653e-10 3.8818332e-14 
2.883563e-10 3.8607642e-14 
2.674185e-10 3.8649789e-14 
2.708271e-10 3.8644938e-14 
2.772262e-10 3.8864331e-14 
2.601053e-10 3.8425545e-14 
2.90014e-10 3.8913957e-14 
2.964206e-10 3.8677491e-14 
2.910123e-10 3.8555019e-14 
2.736848e-10 3.8589084e-14 
2.517154e-10 3.8683836e-14 
2.743093e-10 3.8709693e-14 
2.699408e-10 3.8813868e-14 
2.620833e-10 3.847905e-14 
2.787388e-10 3.8522565e-14 
2.780923e-10 3.8832579e-14 
2.605089e-10 3.8574612e-14 
2.702338e-10 3.8791674e-14 
2.705842e-10 3.8767932e-14 
2.826031e-10 3.8684691e-14 
2.561398e-10 3.8662119e-14 
2.744418e-10 3.8560041e-14 
2.991535e-10 3.843585e-14 
2.633895e-10 3.8908413e-14 
2.607334e-10 3.8531862e-14 
2.641588e-10 3.8793942e-14 
2.804927e-10 3.8805894e-14 
2.651673e-10 3.8610027e-14 
2.714868e-10 3.8787993e-14 
2.493089e-10 3.8824713e-14 
2.640779e-10 3.8586753e-14 
2.750582e-10 3.877263e-14 
2.667949e-10 3.8502927e-14 
2.847906e-10 3.8374605e-14 
2.553327e-10 3.8602359e-14 
2.723029e-10 3.8913723e-14 
2.623616e-10 3.8360106e-14 
2.586586e-10 3.8546856e-14 
2.736674e-10 3.8615454e-14 
2.698609e-10 3.8696904e-14 
2.821818e-10 3.8641662e-14 
2.734914e-10 3.8867562e-14 
2.653997e-10 3.8636631e-14 
2.652923e-10 3.872007e-14 
2.765783e-10 3.858318e-14 
2.671838e-10 3.8433213e-14 
2.6614e-10 3.8598264e-14 
2.977843e-10 3.8683845e-14 
2.556917e-10 3.8736927e-14 
2.632501e-10 3.8830779e-14 
2.659695e-10 3.8495889e-14 
2.787045e-10 3.9227643e-14 
2.618228e-10 3.8732931e-14 
2.880704e-10 3.8618829e-14 
2.539308e-10 3.8703483e-14 
2.897178e-10 3.8879361e-14 
2.708853e-10 3.8584503e-14 
2.691474e-10 3.8543724e-14 
2.806095e-10 3.8733318e-14 
2.622178e-10 3.8677932e-14 
2.969275e-10 3.865626e-14 
2.832159e-10 3.8597517e-14 
2.560917e-10 3.868434e-14 
2.577236e-10 3.8639511e-14 
2.406483e-10 3.8621502e-14 
2.686977e-10 3.9054348e-14 
2.786488e-10 3.8343204e-14 
2.621251e-10 3.8754279e-14 
2.643803e-10 3.8672811e-14 
2.817442e-10 3.8651157e-14 
2.668485e-10 3.8556711e-14 
2.771308e-10 3.8568474e-14 
2.612757e-10 3.8800125e-14 
2.825057e-10 3.8504592e-14 
2.716124e-10 3.8478384e-14 
2.757238e-10 3.8571534e-14 
2.701903e-10 3.8897307e-14 
2.727713e-10 3.8526975e-14 
2.618136e-10 3.8693934e-14 
2.590122e-10 3.8929905e-14 
2.840835e-10 3.863754e-14 
2.704976e-10 3.8662767e-14 
2.668537e-10 3.8740851e-14 
2.677446e-10 3.8906289e-14 
2.870374e-10 3.8576322e-14 
2.830155e-10 3.8711673e-14 
2.764446e-10 3.855861e-14 
2.643999e-10 3.8757609e-14 
2.667372e-10 3.8727216e-14 
2.618454e-10 3.8784141e-14 
2.687368e-10 3.8766168e-14 
2.742325e-10 3.9007899e-14 
2.735797e-10 3.8640987e-14 
2.448901e-10 3.8828025e-14 
2.663764e-10 3.8517516e-14 
2.82708e-10 3.8597769e-14 
2.889309e-10 3.8502216e-14 
2.934705e-10 3.875544e-14 
2.765318e-10 3.8584872e-14 
2.846509e-10 3.878415e-14 
2.63411e-10 3.8840391e-14 
2.633736e-10 3.8440512e-14 
2.458733e-10 3.8702466e-14 
2.453193e-10 3.8679642e-14 
2.779671e-10 3.8973474e-14 
2.729622e-10 3.890529e-14 
2.777102e-10 3.8627307e-14 
2.94667e-10 3.8863323e-14 
2.581355e-10 3.8664198e-14 
2.660561e-10 3.851802e-14 
2.674589e-10 3.87801e-14 
2.710277e-10 3.8839419e-14 
2.779833e-10 3.8726829e-14 
2.51748e-10 3.873753e-14 
2.784219e-10 3.8748789e-14 
2.887427e-10 3.8540484e-14 
2.81053e-10 3.872538e-14 
2.761952e-10 3.8810871e-14 
2.700109e-10 3.8661768e-14 
2.61804e-10 3.8529378e-14 
2.794659e-10 3.8862918e-14 
2.713318e-10 3.8608011e-14 
2.724612e-10 3.8510091e-14 
2.756149e-10 3.8793717e-14 
2.667522e-10 3.8674656e-14 
2.770541e-10 3.8505906e-14 
2.631102e-10 3.8769597e-14 
2.776308e-10 3.8820654e-14 
2.505552e-10 3.8693016e-14 
2.783281e-10 3.851685e-14 
2.778174e-10 3.8851308e-14 
2.925663e-10 3.8568753e-14 
2.69506e-10 3.8652795e-14 
2.668231e-10 3.85299e-14 
2.482724e-10 3.8765259e-14 
2.817349e-10 3.8606382e-14 
2.775178e-10 3.885057e-14 
2.589978e-10 3.8659446e-14 
2.517755e-10 3.8483253e-14 
2.579727e-10 3.8570121e-14 
2.855135e-10 3.8792259e-14 
2.676047e-10 3.8526426e-14 
2.911086e-10 3.8724651e-14 
2.815084e-10 3.8709351e-14 
2.620072e-10 3.8745207e-14 
2.719628e-10 3.8529279e-14 
2.742953e-10 3.8729871e-14 
2.772736e-10 3.8694267e-14 
2.713237e-10 3.8576817e-14 
2.624321e-10 3.856689e-14 
2.703083e-10 3.8833461e-14 
2.628189e-10 3.8580966e-14 
2.571387e-10 3.8678769e-14 
2.682426e-10 3.8729889e-14 
2.685212e-10 3.8492262e-14 
2.710232e-10 3.8608209e-14 
2.817265e-10 3.8686104e-14 
2.576795e-10 3.8672199e-14 
2.639957e-10 3.8629683e-14 
2.663871e-10 3.8673378e-14 
2.894228e-10 3.8685474e-14 
2.951044e-10 3.8664315e-14 
2.709874e-10 3.8475891e-14 
2.665272e-10 3.8609244e-14 
2.76075e-10 3.8441682e-14 
2.903705e-10 3.8789199e-14 
2.681945e-10 3.8658753e-14 
2.702011e-10 3.8883987e-14 
2.563135e-10 3.8553993e-14 
2.89959e-10 3.8781612e-14 
2.709776e-10 3.8557152e-14 
2.59701e-10 3.8658762e-14 
