2.242016e-10 3.8565225e-14 
2.388607e-10 3.8422773e-14 
2.248385e-10 3.8224116e-14 
2.428686e-10 3.8506914e-14 
2.356819e-10 3.8133432e-14 
2.309052e-10 3.8440305e-14 
2.518019e-10 3.8247057e-14 
2.149345e-10 3.8351844e-14 
2.35215e-10 3.8546901e-14 
2.297316e-10 3.8245464e-14 
2.451001e-10 3.838608e-14 
2.30858e-10 3.8510955e-14 
2.455531e-10 3.837474e-14 
2.343236e-10 3.861378e-14 
2.364975e-10 3.8432736e-14 
2.387963e-10 3.8469609e-14 
2.448235e-10 3.8522772e-14 
2.512441e-10 3.8662254e-14 
2.37103e-10 3.8544327e-14 
2.454366e-10 3.8502882e-14 
2.343453e-10 3.8512998e-14 
2.428249e-10 3.8601054e-14 
2.562476e-10 3.8421999e-14 
2.375449e-10 3.8290284e-14 
2.509676e-10 3.8653092e-14 
2.364057e-10 3.8207574e-14 
2.46713e-10 3.8383758e-14 
2.337158e-10 3.8563965e-14 
2.624328e-10 3.8420172e-14 
2.473905e-10 3.8783439e-14 
2.319502e-10 3.8656467e-14 
2.387119e-10 3.8251116e-14 
2.426524e-10 3.8526462e-14 
2.320485e-10 3.846069e-14 
2.496887e-10 3.8550078e-14 
2.374372e-10 3.8458296e-14 
2.333018e-10 3.8629053e-14 
2.508466e-10 3.8452653e-14 
2.319029e-10 3.8145222e-14 
2.306539e-10 3.8262312e-14 
2.406487e-10 3.8206404e-14 
2.304715e-10 3.8601243e-14 
2.350798e-10 3.853575e-14 
2.411255e-10 3.8408778e-14 
2.370531e-10 3.8524689e-14 
2.38456e-10 3.8469825e-14 
2.335247e-10 3.831327e-14 
2.44847e-10 3.8643372e-14 
2.355047e-10 3.8371806e-14 
2.365687e-10 3.8537253e-14 
2.336014e-10 3.8368962e-14 
2.333421e-10 3.856239e-14 
2.511864e-10 3.8334816e-14 
2.353672e-10 3.8582946e-14 
2.484009e-10 3.8281203e-14 
2.343385e-10 3.8558097e-14 
2.379258e-10 3.8579796e-14 
2.314422e-10 3.8608668e-14 
2.405783e-10 3.8499984e-14 
2.35117e-10 3.8364399e-14 
2.341135e-10 3.8309598e-14 
2.442983e-10 3.8525022e-14 
2.379814e-10 3.8265894e-14 
2.450405e-10 3.8164653e-14 
2.426144e-10 3.8685483e-14 
2.402562e-10 3.8128788e-14 
2.318411e-10 3.8676663e-14 
2.358621e-10 3.8474199e-14 
2.515909e-10 3.8286153e-14 
2.385533e-10 3.8762595e-14 
2.524493e-10 3.8364426e-14 
2.496388e-10 3.862305e-14 
2.51706e-10 3.8319894e-14 
2.487943e-10 3.8467458e-14 
2.337286e-10 3.8238291e-14 
2.527267e-10 3.8174814e-14 
2.342977e-10 3.8512512e-14 
2.332794e-10 3.8347416e-14 
2.376031e-10 3.8561166e-14 
2.43655e-10 3.8546514e-14 
2.347171e-10 3.8336139e-14 
2.444684e-10 3.8244114e-14 
2.446652e-10 3.844899e-14 
2.40018e-10 3.8543211e-14 
2.547472e-10 3.8343033e-14 
2.416145e-10 3.8556324e-14 
2.467452e-10 3.8225565e-14 
2.465524e-10 3.8406168e-14 
2.246062e-10 3.8338335e-14 
2.253811e-10 3.8405043e-14 
2.429346e-10 3.8485323e-14 
2.38441e-10 3.8718225e-14 
2.431852e-10 3.8283786e-14 
2.41923e-10 3.8590974e-14 
2.315044e-10 3.8606328e-14 
2.386288e-10 3.8126682e-14 
2.347795e-10 3.8515068e-14 
2.541376e-10 3.846096e-14 
2.418947e-10 3.834126e-14 
2.508874e-10 3.8396691e-14 
2.399739e-10 3.8155185e-14 
2.343073e-10 3.8204028e-14 
2.368199e-10 3.8877408e-14 
2.326006e-10 3.826683e-14 
2.317337e-10 3.8494386e-14 
2.452522e-10 3.8412342e-14 
2.52855e-10 3.8433852e-14 
2.392593e-10 3.8618208e-14 
2.226839e-10 3.8232819e-14 
2.237844e-10 3.8200239e-14 
2.241599e-10 3.8442807e-14 
2.37611e-10 3.8475378e-14 
2.371214e-10 3.8541186e-14 
2.541091e-10 3.83148e-14 
2.354465e-10 3.8508417e-14 
2.37483e-10 3.8364471e-14 
2.28041e-10 3.8317149e-14 
2.308871e-10 3.8363499e-14 
2.394107e-10 3.8571597e-14 
2.439479e-10 3.8511459e-14 
2.418199e-10 3.848346e-14 
2.371127e-10 3.8667501e-14 
2.404585e-10 3.8414727e-14 
2.339132e-10 3.8404314e-14 
2.370247e-10 3.8386386e-14 
2.403164e-10 3.852099e-14 
2.291069e-10 3.8418192e-14 
2.326177e-10 3.8523429e-14 
2.501635e-10 3.8889549e-14 
2.262419e-10 3.8447964e-14 
2.379914e-10 3.8489418e-14 
2.4831e-10 3.8393874e-14 
2.418127e-10 3.8572209e-14 
2.524106e-10 3.8810655e-14 
2.269962e-10 3.8276793e-14 
2.289071e-10 3.8290716e-14 
2.255802e-10 3.8124504e-14 
2.371315e-10 3.8193813e-14 
2.321262e-10 3.8638134e-14 
2.381272e-10 3.8347848e-14 
2.421985e-10 3.8131182e-14 
2.31282e-10 3.841569e-14 
2.498923e-10 3.8409948e-14 
2.330443e-10 3.8430927e-14 
2.39501e-10 3.8500263e-14 
2.408972e-10 3.828528e-14 
2.288472e-10 3.8459538e-14 
2.509347e-10 3.8542671e-14 
2.347059e-10 3.8189493e-14 
2.488172e-10 3.8359278e-14 
2.329877e-10 3.8199834e-14 
2.309797e-10 3.831273e-14 
2.363009e-10 3.866949e-14 
2.431583e-10 3.8399004e-14 
2.436388e-10 3.8466882e-14 
2.506625e-10 3.8425104e-14 
2.503334e-10 3.8505951e-14 
2.356683e-10 3.8398635e-14 
2.348776e-10 3.8693043e-14 
2.36371e-10 3.844557e-14 
2.37215e-10 3.8423025e-14 
2.505425e-10 3.8315736e-14 
2.531483e-10 3.845529e-14 
2.333242e-10 3.8592288e-14 
2.246433e-10 3.8422962e-14 
2.386053e-10 3.8133288e-14 
2.356819e-10 3.8133432e-14 
2.358616e-10 3.8136447e-14 
2.338355e-10 3.8562075e-14 
2.458534e-10 3.8437866e-14 
2.230853e-10 3.825369e-14 
2.396572e-10 3.8365605e-14 
2.610346e-10 3.8287116e-14 
2.509173e-10 3.8529477e-14 
2.366009e-10 3.8441565e-14 
2.303239e-10 3.8750103e-14 
2.348448e-10 3.8495835e-14 
2.362801e-10 3.8381724e-14 
2.545678e-10 3.8482983e-14 
2.266698e-10 3.8342529e-14 
2.483884e-10 3.8578122e-14 
2.489346e-10 3.8730078e-14 
2.508278e-10 3.8434563e-14 
2.478186e-10 3.8399949e-14 
2.494206e-10 3.8661102e-14 
2.336063e-10 3.8489418e-14 
2.435527e-10 3.8672883e-14 
2.467657e-10 3.8594961e-14 
2.320125e-10 3.8655495e-14 
2.363695e-10 3.8344608e-14 
2.413461e-10 3.8107926e-14 
2.49459e-10 3.8543562e-14 
2.368693e-10 3.8797632e-14 
2.22787e-10 3.869127e-14 
2.358647e-10 3.8556828e-14 
2.390743e-10 3.827628e-14 
2.37949e-10 3.8391174e-14 
2.47422e-10 3.8415528e-14 
2.414381e-10 3.8474694e-14 
2.309028e-10 3.8397942e-14 
2.353648e-10 3.8520558e-14 
2.495544e-10 3.8597832e-14 
2.536738e-10 3.8264922e-14 
2.359385e-10 3.8596149e-14 
2.428055e-10 3.816684e-14 
2.365662e-10 3.8590875e-14 
2.420652e-10 3.8583342e-14 
2.549593e-10 3.8324052e-14 
2.388559e-10 3.8676645e-14 
2.596173e-10 3.8321208e-14 
2.371117e-10 3.8464407e-14 
2.384738e-10 3.835656e-14 
2.36318e-10 3.8207079e-14 
2.491858e-10 3.8581785e-14 
2.338571e-10 3.8486646e-14 
2.531245e-10 3.8314557e-14 
2.280916e-10 3.8521872e-14 
2.330694e-10 3.8680848e-14 
2.484015e-10 3.8185974e-14 
2.350411e-10 3.8176722e-14 
2.35517e-10 3.8486646e-14 
2.420052e-10 3.8638611e-14 
2.382276e-10 3.8628567e-14 
2.328109e-10 3.8323647e-14 
2.425728e-10 3.8529675e-14 
2.430041e-10 3.8367837e-14 
2.461358e-10 3.8403513e-14 
2.394955e-10 3.8209167e-14 
2.35138e-10 3.8216718e-14 
2.361424e-10 3.8425941e-14 
2.327405e-10 3.8257992e-14 
2.292541e-10 3.8206098e-14 
2.312304e-10 3.8486655e-14 
2.503122e-10 3.842631e-14 
2.492903e-10 3.8664342e-14 
2.327206e-10 3.8728854e-14 
2.395756e-10 3.8684655e-14 
2.450825e-10 3.8678877e-14 
2.392198e-10 3.8610954e-14 
2.321487e-10 3.8561112e-14 
2.335916e-10 3.8542977e-14 
2.429327e-10 3.8658114e-14 
2.256816e-10 3.8609649e-14 
2.406651e-10 3.8658978e-14 
2.376009e-10 3.8242584e-14 
2.534952e-10 3.8580516e-14 
2.41291e-10 3.8466792e-14 
2.441836e-10 3.8511351e-14 
2.382526e-10 3.8537037e-14 
2.450963e-10 3.8246022e-14 
2.372532e-10 3.8647764e-14 
2.402352e-10 3.8429631e-14 
2.475388e-10 3.8531871e-14 
2.368131e-10 3.8649393e-14 
2.377202e-10 3.8376216e-14 
2.353043e-10 3.8327661e-14 
2.387349e-10 3.857877e-14 
2.371657e-10 3.8386557e-14 
2.324553e-10 3.8778156e-14 
2.537104e-10 3.8595087e-14 
2.414294e-10 3.8494512e-14 
2.443049e-10 3.8329029e-14 
2.406568e-10 3.8547828e-14 
2.397922e-10 3.8353014e-14 
2.427149e-10 3.8546379e-14 
2.357878e-10 3.860289e-14 
2.469855e-10 3.8442447e-14 
2.341598e-10 3.8602413e-14 
2.405684e-10 3.8793222e-14 
2.467201e-10 3.8515887e-14 
2.468745e-10 3.8545164e-14 
2.376067e-10 3.8756313e-14 
2.281543e-10 3.8579508e-14 
2.434782e-10 3.8432664e-14 
2.400733e-10 3.8263761e-14 
2.521855e-10 3.8791089e-14 
2.42499e-10 3.8487861e-14 
2.51796e-10 3.8472408e-14 
2.345718e-10 3.8367225e-14 
2.33052e-10 3.8308671e-14 
2.521773e-10 3.8577276e-14 
2.394773e-10 3.8765403e-14 
2.331565e-10 3.8407284e-14 
2.36468e-10 3.848202e-14 
2.412627e-10 3.8089386e-14 
2.415765e-10 3.8387889e-14 
2.448249e-10 3.8576691e-14 
2.450374e-10 3.8272248e-14 
2.449531e-10 3.8336004e-14 
2.499593e-10 3.8676519e-14 
2.459774e-10 3.8693601e-14 
2.281655e-10 3.8438064e-14 
2.473656e-10 3.8456757e-14 
2.485868e-10 3.8413593e-14 
2.369577e-10 3.8246778e-14 
2.457917e-10 3.8458413e-14 
2.49562e-10 3.8734065e-14 
2.313134e-10 3.8384343e-14 
2.29901e-10 3.8380113e-14 
2.30326e-10 3.8401965e-14 
2.534517e-10 3.8552283e-14 
2.333237e-10 3.8340909e-14 
2.346442e-10 3.8336094e-14 
2.528115e-10 3.8417517e-14 
2.499825e-10 3.8675124e-14 
2.282347e-10 3.8658825e-14 
2.490105e-10 3.8343987e-14 
2.408304e-10 3.8625678e-14 
2.370083e-10 3.8434671e-14 
2.408424e-10 3.8466693e-14 
2.31293e-10 3.843531e-14 
2.461736e-10 3.8496789e-14 
2.383135e-10 3.8158344e-14 
2.363909e-10 3.8438028e-14 
2.285267e-10 3.8562561e-14 
2.296587e-10 3.8521422e-14 
2.311498e-10 3.8344212e-14 
2.462687e-10 3.812067e-14 
2.596848e-10 3.8376603e-14 
2.422399e-10 3.820905e-14 
2.475004e-10 3.8635353e-14 
2.409178e-10 3.8669706e-14 
2.415325e-10 3.8639988e-14 
2.38366e-10 3.8340522e-14 
2.421965e-10 3.8491389e-14 
2.414261e-10 3.8460222e-14 
2.394631e-10 3.8318877e-14 
2.395582e-10 3.8527848e-14 
2.385936e-10 3.8370609e-14 
2.363826e-10 3.8430513e-14 
2.326745e-10 3.8298519e-14 
2.3998e-10 3.8309364e-14 
2.358844e-10 3.816054e-14 
2.482083e-10 3.8517066e-14 
2.613762e-10 3.8388123e-14 
2.509462e-10 3.8420865e-14 
2.450712e-10 3.8376126e-14 
2.437217e-10 3.841362e-14 
2.471234e-10 3.8527056e-14 
2.475932e-10 3.8381031e-14 
2.473365e-10 3.8436408e-14 
2.374758e-10 3.8615121e-14 
2.264455e-10 3.8398761e-14 
2.318371e-10 3.8557944e-14 
2.394894e-10 3.8777535e-14 
2.385137e-10 3.8393154e-14 
2.38419e-10 3.8582244e-14 
2.606158e-10 3.8497032e-14 
2.495745e-10 3.8177361e-14 
2.357775e-10 3.8460132e-14 
2.384724e-10 3.8189133e-14 
2.344933e-10 3.8312568e-14 
2.284248e-10 3.8202237e-14 
2.489359e-10 3.8209482e-14 
2.374422e-10 3.8700234e-14 
2.398382e-10 3.8438163e-14 
2.311003e-10 3.8611575e-14 
2.472145e-10 3.8558529e-14 
2.469496e-10 3.8604609e-14 
2.302146e-10 3.8482488e-14 
2.580659e-10 3.8276865e-14 
2.36007e-10 3.8306502e-14 
2.525224e-10 3.835647e-14 
2.553483e-10 3.8368296e-14 
2.345131e-10 3.8415042e-14 
2.331336e-10 3.8287404e-14 
2.499119e-10 3.8525148e-14 
2.378418e-10 3.8635164e-14 
2.458409e-10 3.8731653e-14 
2.526018e-10 3.8516346e-14 
2.451107e-10 3.8405871e-14 
2.399499e-10 3.8657322e-14 
2.447966e-10 3.8543157e-14 
2.230313e-10 3.8525697e-14 
2.584868e-10 3.8512296e-14 
2.440051e-10 3.8334987e-14 
2.376029e-10 3.8451015e-14 
2.496778e-10 3.8685717e-14 
2.449748e-10 3.8308806e-14 
2.42823e-10 3.8357757e-14 
2.56172e-10 3.8373588e-14 
2.299789e-10 3.865806e-14 
2.262051e-10 3.8348046e-14 
2.36612e-10 3.869496e-14 
2.419766e-10 3.8566449e-14 
2.442084e-10 3.8473956e-14 
2.508131e-10 3.8584989e-14 
2.336086e-10 3.8601657e-14 
2.330404e-10 3.8365911e-14 
2.351976e-10 3.8550303e-14 
2.452319e-10 3.8312271e-14 
2.456143e-10 3.8184795e-14 
2.425906e-10 3.8207295e-14 
2.469333e-10 3.8504223e-14 
2.508051e-10 3.8408877e-14 
2.520774e-10 3.8344311e-14 
2.469527e-10 3.8728674e-14 
2.570397e-10 3.839247e-14 
2.396548e-10 3.8449503e-14 
2.402979e-10 3.8820078e-14 
2.389502e-10 3.8401092e-14 
2.407755e-10 3.8477754e-14 
2.511183e-10 3.8500389e-14 
2.38757e-10 3.8120652e-14 
2.529654e-10 3.8300238e-14 
2.288476e-10 3.8456496e-14 
2.445434e-10 3.8403099e-14 
2.244157e-10 3.8416041e-14 
2.370043e-10 3.8560464e-14 
2.391274e-10 3.8799954e-14 
2.599873e-10 3.8139624e-14 
2.346077e-10 3.8565486e-14 
2.525685e-10 3.8462121e-14 
2.562418e-10 3.8548926e-14 
2.502312e-10 3.8643732e-14 
2.428528e-10 3.8391318e-14 
2.370689e-10 3.8535264e-14 
2.335037e-10 3.8517327e-14 
2.443356e-10 3.8407509e-14 
2.374758e-10 3.8615121e-14 
2.405431e-10 3.8689038e-14 
2.408681e-10 3.8352744e-14 
2.448338e-10 3.8407428e-14 
2.40359e-10 3.8346714e-14 
2.410727e-10 3.8575152e-14 
2.345567e-10 3.8447865e-14 
2.48423e-10 3.8488149e-14 
2.424934e-10 3.8477097e-14 
2.457291e-10 3.8470068e-14 
2.172868e-10 3.8156139e-14 
2.453277e-10 3.8384559e-14 
2.484658e-10 3.8512557e-14 
2.305654e-10 3.8193534e-14 
2.383303e-10 3.8506401e-14 
2.367365e-10 3.8197431e-14 
2.434782e-10 3.8432664e-14 
2.296274e-10 3.867597e-14 
2.376903e-10 3.8276577e-14 
2.279628e-10 3.857634e-14 
2.621054e-10 3.8489643e-14 
2.393201e-10 3.861981e-14 
2.474885e-10 3.8315898e-14 
2.368113e-10 3.8491488e-14 
2.369739e-10 3.8369871e-14 
2.430078e-10 3.8390121e-14 
2.465743e-10 3.8409381e-14 
2.3408e-10 3.8434869e-14 
2.461177e-10 3.8322252e-14 
2.485445e-10 3.8513493e-14 
2.441649e-10 3.8583117e-14 
2.311717e-10 3.8573469e-14 
2.542066e-10 3.8651445e-14 
2.455343e-10 3.8224521e-14 
2.402188e-10 3.8296962e-14 
2.419388e-10 3.8600775e-14 
2.433961e-10 3.8792043e-14 
2.398316e-10 3.8599245e-14 
2.359972e-10 3.8401209e-14 
2.501355e-10 3.8266875e-14 
2.343444e-10 3.8206944e-14 
2.366866e-10 3.8391057e-14 
2.348598e-10 3.8653515e-14 
2.337679e-10 3.8453715e-14 
2.295958e-10 3.8227608e-14 
2.41954e-10 3.8323521e-14 
2.341985e-10 3.8465181e-14 
2.346739e-10 3.8434401e-14 
2.378885e-10 3.825171e-14 
2.309151e-10 3.8297016e-14 
2.478679e-10 3.844485e-14 
2.510711e-10 3.853638e-14 
2.422334e-10 3.8381148e-14 
2.336328e-10 3.8527254e-14 
2.267785e-10 3.8625237e-14 
2.382784e-10 3.8454714e-14 
2.31437e-10 3.844368e-14 
2.326683e-10 3.8355615e-14 
2.348384e-10 3.828735e-14 
2.434263e-10 3.8457738e-14 
2.400914e-10 3.843594e-14 
2.391149e-10 3.8131065e-14 
2.395253e-10 3.8515131e-14 
2.579109e-10 3.8286369e-14 
2.482502e-10 3.8490687e-14 
2.403353e-10 3.8565981e-14 
2.47762e-10 3.8366217e-14 
2.496378e-10 3.848985e-14 
2.280543e-10 3.8401191e-14 
2.4023e-10 3.8283264e-14 
2.414583e-10 3.8596986e-14 
2.359176e-10 3.8701557e-14 
2.345662e-10 3.8464758e-14 
2.487806e-10 3.85362e-14 
2.348234e-10 3.8505078e-14 
2.436102e-10 3.8393064e-14 
2.423946e-10 3.8736324e-14 
2.279955e-10 3.8624265e-14 
2.296183e-10 3.8679246e-14 
2.325816e-10 3.8523492e-14 
2.339694e-10 3.8474163e-14 
2.438165e-10 3.8184795e-14 
2.513184e-10 3.8520621e-14 
2.386267e-10 3.8731968e-14 
2.423106e-10 3.8592288e-14 
2.38094e-10 3.8526849e-14 
2.357548e-10 3.8494026e-14 
2.172868e-10 3.8156139e-14 
2.300314e-10 3.8502243e-14 
2.412768e-10 3.8473344e-14 
2.374958e-10 3.8770317e-14 
2.44778e-10 3.8775843e-14 
2.302489e-10 3.8383101e-14 
2.332342e-10 3.8548584e-14 
2.520471e-10 3.8351052e-14 
2.315201e-10 3.8522007e-14 
2.482037e-10 3.8268315e-14 
2.512466e-10 3.8586762e-14 
2.434617e-10 3.8545785e-14 
2.343317e-10 3.8559861e-14 
2.384767e-10 3.8248218e-14 
2.266279e-10 3.8329191e-14 
2.347352e-10 3.8536884e-14 
2.499244e-10 3.8834343e-14 
2.338219e-10 3.8415483e-14 
2.286612e-10 3.8189304e-14 
2.481908e-10 3.8694996e-14 
2.476862e-10 3.8489616e-14 
2.512222e-10 3.8485449e-14 
2.410286e-10 3.8343627e-14 
2.402763e-10 3.8648106e-14 
2.49887e-10 3.8570256e-14 
2.42208e-10 3.8526633e-14 
2.333509e-10 3.840237e-14 
2.535468e-10 3.8393478e-14 
2.336845e-10 3.8531187e-14 
2.226128e-10 3.8365587e-14 
2.386053e-10 3.8566242e-14 
2.33799e-10 3.8627298e-14 
2.43798e-10 3.8602503e-14 
2.419472e-10 3.8590137e-14 
2.409462e-10 3.8787768e-14 
2.295734e-10 3.8433573e-14 
2.300435e-10 3.8561985e-14 
2.417299e-10 3.8417517e-14 
2.462841e-10 3.8405835e-14 
2.397406e-10 3.849426e-14 
2.349293e-10 3.8438145e-14 
2.441139e-10 3.8606121e-14 
2.312303e-10 3.8392011e-14 
2.378496e-10 3.8437668e-14 
2.356964e-10 3.8679381e-14 
2.372992e-10 3.8490228e-14 
2.372621e-10 3.8421675e-14 
2.356468e-10 3.872403e-14 
2.426052e-10 3.8581641e-14 
2.435741e-10 3.8277765e-14 
2.366139e-10 3.845925e-14 
2.490284e-10 3.8647071e-14 
2.403419e-10 3.8460951e-14 
2.312996e-10 3.8149146e-14 
2.680338e-10 3.8623653e-14 
2.339337e-10 3.835035e-14 
2.422651e-10 3.8373993e-14 
2.286334e-10 3.8569032e-14 
2.270391e-10 3.8429802e-14 
2.293298e-10 3.8500821e-14 
2.43411e-10 3.8528199e-14 
2.473876e-10 3.8444454e-14 
2.356895e-10 3.8603097e-14 
2.293913e-10 3.8443185e-14 
2.404227e-10 3.8474991e-14 
2.518427e-10 3.8373039e-14 
2.415983e-10 3.844557e-14 
2.478196e-10 3.8692917e-14 
2.39339e-10 3.8507301e-14 
2.39989e-10 3.8574279e-14 
2.351286e-10 3.8201103e-14 
2.287702e-10 3.8095533e-14 
2.354868e-10 3.8363436e-14 
2.387499e-10 3.8380851e-14 
2.430161e-10 3.825819e-14 
2.355683e-10 3.8240496e-14 
2.317356e-10 3.8758761e-14 
2.405431e-10 3.8689038e-14 
2.461035e-10 3.8584386e-14 
2.367037e-10 3.8463129e-14 
2.506267e-10 3.8687535e-14 
2.6549e-10 3.8718099e-14 
2.461505e-10 3.8215278e-14 
2.41652e-10 3.8377962e-14 
2.551396e-10 3.8117295e-14 
2.321474e-10 3.8638107e-14 
2.598261e-10 3.8443347e-14 
2.357869e-10 3.8474874e-14 
2.524362e-10 3.8614743e-14 
2.361125e-10 3.846996e-14 
2.433861e-10 3.8208708e-14 
2.386364e-10 3.8447334e-14 
2.394764e-10 3.8375163e-14 
2.363621e-10 3.8623716e-14 
2.599432e-10 3.8366802e-14 
2.436687e-10 3.8503719e-14 
2.310782e-10 3.8382768e-14 
2.360266e-10 3.847266e-14 
2.424723e-10 3.8235735e-14 
2.462703e-10 3.8754414e-14 
2.446866e-10 3.8313387e-14 
2.347685e-10 3.8330226e-14 
2.470788e-10 3.8745774e-14 
2.347785e-10 3.846267e-14 
2.396957e-10 3.8727288e-14 
2.52927e-10 3.8438955e-14 
2.400547e-10 3.8564046e-14 
2.244502e-10 3.8394513e-14 
2.680293e-10 3.8466387e-14 
2.336859e-10 3.8476674e-14 
2.501202e-10 3.8482218e-14 
2.361655e-10 3.8606841e-14 
2.397425e-10 3.833397e-14 
2.409213e-10 3.8448423e-14 
2.493581e-10 3.8636271e-14 
2.317808e-10 3.8582829e-14 
2.293747e-10 3.8583225e-14 
2.417324e-10 3.8672064e-14 
2.384186e-10 3.8462121e-14 
2.457222e-10 3.8636964e-14 
2.251789e-10 3.8319372e-14 
2.365451e-10 3.8426211e-14 
2.55581e-10 3.8624058e-14 
2.316397e-10 3.8729025e-14 
2.427522e-10 3.8229849e-14 
2.329518e-10 3.838221e-14 
2.566172e-10 3.8515914e-14 
2.407156e-10 3.871008e-14 
2.337148e-10 3.8173185e-14 
2.32289e-10 3.8348154e-14 
2.367169e-10 3.878829e-14 
2.303627e-10 3.8489139e-14 
2.370364e-10 3.8554812e-14 
2.254827e-10 3.832641e-14 
2.321686e-10 3.8108043e-14 
2.308616e-10 3.8316312e-14 
2.282588e-10 3.8450286e-14 
2.472781e-10 3.8503206e-14 
2.300902e-10 3.8498094e-14 
2.381481e-10 3.8482209e-14 
2.40292e-10 3.8823048e-14 
2.450075e-10 3.8428785e-14 
2.499182e-10 3.8284335e-14 
2.404539e-10 3.8361843e-14 
2.503553e-10 3.8266407e-14 
2.337816e-10 3.8607885e-14 
2.347387e-10 3.8625903e-14 
2.419228e-10 3.8267379e-14 
2.335916e-10 3.8542977e-14 
2.391365e-10 3.8440503e-14 
2.297392e-10 3.8384982e-14 
2.373459e-10 3.8484117e-14 
2.378378e-10 3.8561463e-14 
2.486554e-10 3.8673171e-14 
2.498449e-10 3.8654226e-14 
2.334188e-10 3.8220462e-14 
2.370945e-10 3.8482749e-14 
2.498111e-10 3.8457954e-14 
2.342673e-10 3.8493288e-14 
2.373793e-10 3.8435796e-14 
2.335385e-10 3.8288061e-14 
2.339305e-10 3.8605194e-14 
2.422259e-10 3.8672919e-14 
2.35136e-10 3.847257e-14 
2.348241e-10 3.8167227e-14 
2.511164e-10 3.859155e-14 
2.511132e-10 3.8427939e-14 
2.344393e-10 3.8557827e-14 
2.483131e-10 3.849723e-14 
2.326816e-10 3.8411361e-14 
2.434515e-10 3.8623671e-14 
2.490647e-10 3.8337705e-14 
2.281799e-10 3.8336859e-14 
2.406079e-10 3.8475639e-14 
2.337011e-10 3.8214594e-14 
2.33319e-10 3.8303316e-14 
2.489477e-10 3.8314125e-14 
2.517097e-10 3.8261493e-14 
2.391892e-10 3.8475711e-14 
2.53266e-10 3.8620089e-14 
2.36751e-10 3.8234592e-14 
2.330056e-10 3.8669652e-14 
2.393616e-10 3.8317914e-14 
2.24364e-10 3.8438316e-14 
2.395907e-10 3.8317716e-14 
2.418544e-10 3.8538081e-14 
2.412872e-10 3.8163978e-14 
2.391009e-10 3.8480517e-14 
2.45521e-10 3.8486664e-14 
2.403423e-10 3.8627118e-14 
2.429449e-10 3.8522952e-14 
2.435308e-10 3.8117781e-14 
2.447418e-10 3.8586429e-14 
2.493136e-10 3.821805e-14 
2.544392e-10 3.8251584e-14 
2.461873e-10 3.8407122e-14 
2.362713e-10 3.844845e-14 
2.479103e-10 3.8097459e-14 
2.396526e-10 3.8427903e-14 
2.493656e-10 3.8402532e-14 
2.395766e-10 3.8579517e-14 
2.381616e-10 3.8792106e-14 
2.351522e-10 3.84426e-14 
2.398659e-10 3.8365119e-14 
2.432907e-10 3.8537955e-14 
2.325091e-10 3.8543967e-14 
2.39193e-10 3.8484288e-14 
2.346764e-10 3.8663892e-14 
2.297371e-10 3.8401803e-14 
2.404726e-10 3.8813184e-14 
2.353666e-10 3.8497104e-14 
2.463808e-10 3.8692323e-14 
2.452158e-10 3.8579634e-14 
2.378823e-10 3.844026e-14 
2.39616e-10 3.8578086e-14 
2.386864e-10 3.8849535e-14 
2.417369e-10 3.824199e-14 
2.3641e-10 3.8523483e-14 
2.328041e-10 3.8196648e-14 
2.399689e-10 3.8557557e-14 
2.387076e-10 3.8521521e-14 
2.399576e-10 3.811131e-14 
2.366139e-10 3.845925e-14 
2.300932e-10 3.8310939e-14 
2.3905e-10 3.8667051e-14 
2.416811e-10 3.8243124e-14 
2.334279e-10 3.8643858e-14 
2.379295e-10 3.8683989e-14 
2.44183e-10 3.8353734e-14 
2.498747e-10 3.8340144e-14 
2.514696e-10 3.8664684e-14 
2.404201e-10 3.8609991e-14 
2.528138e-10 3.8270196e-14 
2.426496e-10 3.8742192e-14 
2.415408e-10 3.8384604e-14 
2.317754e-10 3.8659104e-14 
2.442554e-10 3.8502639e-14 
2.52306e-10 3.863475e-14 
2.614806e-10 3.8688345e-14 
2.319108e-10 3.849876e-14 
2.417814e-10 3.8602944e-14 
2.431436e-10 3.8617857e-14 
2.326387e-10 3.8601414e-14 
2.360646e-10 3.8372148e-14 
2.391227e-10 3.8392992e-14 
2.433292e-10 3.8680524e-14 
2.354279e-10 3.8607921e-14 
2.218032e-10 3.8588211e-14 
2.57045e-10 3.8603583e-14 
2.369055e-10 3.8557827e-14 
2.498636e-10 3.8631726e-14 
2.482633e-10 3.8542086e-14 
2.537367e-10 3.8209761e-14 
2.27564e-10 3.8527758e-14 
2.387244e-10 3.8274975e-14 
2.44366e-10 3.83805e-14 
2.411407e-10 3.8397465e-14 
2.489092e-10 3.8453832e-14 
2.438622e-10 3.8415528e-14 
2.422229e-10 3.8468196e-14 
2.525814e-10 3.8387538e-14 
2.33392e-10 3.8091402e-14 
2.326805e-10 3.8553318e-14 
2.417093e-10 3.8684205e-14 
2.502512e-10 3.8569473e-14 
2.46624e-10 3.8235996e-14 
2.466586e-10 3.8337273e-14 
2.381327e-10 3.8021625e-14 
2.333895e-10 3.8412945e-14 
2.526047e-10 3.8491191e-14 
2.409527e-10 3.8725443e-14 
2.298691e-10 3.8362833e-14 
2.379807e-10 3.845421e-14 
2.382995e-10 3.85704e-14 
2.549539e-10 3.8541339e-14 
2.432298e-10 3.8520711e-14 
2.540504e-10 3.8307123e-14 
2.428729e-10 3.8536497e-14 
2.292445e-10 3.8409615e-14 
2.259897e-10 3.8264526e-14 
2.330182e-10 3.8575953e-14 
2.321598e-10 3.8722122e-14 
2.451578e-10 3.8281509e-14 
2.359456e-10 3.8563974e-14 
2.417973e-10 3.8553723e-14 
2.451743e-10 3.855735e-14 
2.395234e-10 3.8452248e-14 
2.376263e-10 3.8468601e-14 
2.44028e-10 3.8510874e-14 
2.528059e-10 3.8672631e-14 
2.308984e-10 3.8589426e-14 
2.5559e-10 3.8440296e-14 
2.284435e-10 3.8323746e-14 
2.437006e-10 3.835917e-14 
2.436545e-10 3.8377008e-14 
2.607711e-10 3.8613195e-14 
2.403635e-10 3.849246e-14 
2.454393e-10 3.831903e-14 
2.348888e-10 3.8443158e-14 
2.314157e-10 3.8421819e-14 
2.379397e-10 3.8373678e-14 
2.452271e-10 3.8404638e-14 
2.544019e-10 3.8377044e-14 
2.188294e-10 3.8348793e-14 
2.345387e-10 3.8422476e-14 
2.250705e-10 3.8540952e-14 
2.365211e-10 3.8675907e-14 
2.55587e-10 3.8350566e-14 
2.271486e-10 3.8237436e-14 
2.538182e-10 3.8348649e-14 
2.468197e-10 3.8657394e-14 
2.472548e-10 3.8331036e-14 
2.46581e-10 3.8520792e-14 
2.368873e-10 3.8397906e-14 
2.307218e-10 3.833766e-14 
2.364106e-10 3.827016e-14 
2.394607e-10 3.8364273e-14 
2.302106e-10 3.8627595e-14 
2.377463e-10 3.8405187e-14 
2.372187e-10 3.8460132e-14 
2.482791e-10 3.8577483e-14 
2.428126e-10 3.8581569e-14 
2.373738e-10 3.8605914e-14 
2.321097e-10 3.8330172e-14 
2.377333e-10 3.852477e-14 
2.462137e-10 3.8870541e-14 
2.269786e-10 3.8349801e-14 
2.472082e-10 3.863016e-14 
2.284275e-10 3.8304693e-14 
2.449271e-10 3.8678157e-14 
2.445605e-10 3.8721627e-14 
2.439202e-10 3.8294478e-14 
2.457694e-10 3.8291499e-14 
2.473806e-10 3.8310246e-14 
2.512861e-10 3.8508975e-14 
2.440968e-10 3.862782e-14 
2.449759e-10 3.8713464e-14 
2.436374e-10 3.8714733e-14 
2.435281e-10 3.8756241e-14 
2.266945e-10 3.8486502e-14 
2.479827e-10 3.8388159e-14 
2.459856e-10 3.8359935e-14 
2.395351e-10 3.8535633e-14 
2.389446e-10 3.825513e-14 
2.262548e-10 3.8284551e-14 
2.282513e-10 3.8261376e-14 
2.403388e-10 3.8439477e-14 
2.323843e-10 3.860334e-14 
2.341577e-10 3.8397987e-14 
2.427164e-10 3.8478267e-14 
2.34515e-10 3.8632437e-14 
2.359067e-10 3.8490651e-14 
2.451063e-10 3.8733444e-14 
2.474007e-10 3.8796687e-14 
2.570039e-10 3.8365857e-14 
2.460154e-10 3.8572272e-14 
2.425898e-10 3.8077443e-14 
2.53684e-10 3.8898153e-14 
2.316779e-10 3.8184597e-14 
2.564e-10 3.8409237e-14 
2.305159e-10 3.8363913e-14 
2.381595e-10 3.8242764e-14 
2.491066e-10 3.8211723e-14 
2.518427e-10 3.8571021e-14 
2.45438e-10 3.8514087e-14 
2.413668e-10 3.856149e-14 
2.377926e-10 3.857121e-14 
2.401307e-10 3.8586681e-14 
2.278938e-10 3.8577969e-14 
2.394309e-10 3.8338587e-14 
2.418292e-10 3.8558079e-14 
2.403265e-10 3.8115144e-14 
2.466079e-10 3.8470878e-14 
2.476966e-10 3.8448162e-14 
2.295092e-10 3.8194497e-14 
2.487135e-10 3.8307735e-14 
2.383791e-10 3.8450808e-14 
2.364616e-10 3.835323e-14 
2.503714e-10 3.8352807e-14 
2.297906e-10 3.8468817e-14 
2.416786e-10 3.8476971e-14 
2.292867e-10 3.8205522e-14 
2.529436e-10 3.8385477e-14 
2.385257e-10 3.8433951e-14 
2.447123e-10 3.8453526e-14 
2.456571e-10 3.8414997e-14 
2.32929e-10 3.869748e-14 
2.317667e-10 3.8442078e-14 
2.3993e-10 3.8206647e-14 
2.32732e-10 3.8471652e-14 
2.37275e-10 3.8414898e-14 
2.34662e-10 3.8449089e-14 
2.424738e-10 3.8386017e-14 
2.282787e-10 3.8582685e-14 
2.351986e-10 3.8407005e-14 
2.28126e-10 3.8421585e-14 
2.547082e-10 3.8631177e-14 
2.391506e-10 3.8540736e-14 
2.316248e-10 3.8597436e-14 
