3.316823e-10 3.124755e-14 
3.156584e-10 3.1126104e-14 
3.288221e-10 3.1231899e-14 
3.151806e-10 3.1342716e-14 
3.175329e-10 3.1499262e-14 
3.223206e-10 3.1148721e-14 
3.379891e-10 3.1077198e-14 
3.503872e-10 3.1250763e-14 
3.128569e-10 3.1435065e-14 
3.173085e-10 3.1248909e-14 
3.078815e-10 3.1095261e-14 
3.288489e-10 3.1172184e-14 
3.093855e-10 3.1444695e-14 
3.516655e-10 3.1426776e-14 
3.303982e-10 3.1102137e-14 
3.141975e-10 3.1274082e-14 
3.045651e-10 3.1302234e-14 
3.125338e-10 3.1537782e-14 
3.212763e-10 3.1279122e-14 
3.318388e-10 3.1291434e-14 
3.080045e-10 3.1384674e-14 
3.171234e-10 3.1212801e-14 
3.403466e-10 3.1132206e-14 
3.090343e-10 3.1134348e-14 
3.243773e-10 3.1637007e-14 
3.418975e-10 3.1398966e-14 
3.149339e-10 3.1334364e-14 
3.230294e-10 3.1250205e-14 
3.195061e-10 3.1059513e-14 
3.093216e-10 3.1238028e-14 
3.297915e-10 3.1373145e-14 
3.283001e-10 3.1230954e-14 
3.255217e-10 3.1421475e-14 
3.246738e-10 3.1488741e-14 
3.223133e-10 3.1213422e-14 
3.231449e-10 3.1285836e-14 
3.094766e-10 3.1261671e-14 
3.290184e-10 3.1392342e-14 
3.32897e-10 3.1127724e-14 
3.17079e-10 3.13443e-14 
3.536145e-10 3.1314969e-14 
3.176528e-10 3.1353264e-14 
3.254975e-10 3.1104891e-14 
3.224093e-10 3.1445478e-14 
3.449943e-10 3.1182237e-14 
3.213839e-10 3.1419072e-14 
3.215457e-10 3.131955e-14 
3.243985e-10 3.1095099e-14 
3.107699e-10 3.1439592e-14 
3.376961e-10 3.1535775e-14 
3.442595e-10 3.1323393e-14 
3.397684e-10 3.1303044e-14 
3.19965e-10 3.1313745e-14 
3.077823e-10 3.1135131e-14 
3.487384e-10 3.1275468e-14 
3.37866e-10 3.1040748e-14 
3.375654e-10 3.1295412e-14 
3.177584e-10 3.1246974e-14 
3.207222e-10 3.1189707e-14 
3.151088e-10 3.1121406e-14 
3.421971e-10 3.1199769e-14 
3.435046e-10 3.131343e-14 
3.39857e-10 3.1349178e-14 
3.279361e-10 3.1157928e-14 
3.163181e-10 3.124125e-14 
3.380494e-10 3.1513608e-14 
3.127835e-10 3.1380228e-14 
3.286979e-10 3.1279752e-14 
3.542642e-10 3.132423e-14 
3.151806e-10 3.1342716e-14 
3.423754e-10 3.1088574e-14 
3.223093e-10 3.1196448e-14 
3.350443e-10 3.1354452e-14 
3.170736e-10 3.1480677e-14 
3.22156e-10 3.1385745e-14 
3.056215e-10 3.1034007e-14 
3.111998e-10 3.1140081e-14 
3.148939e-10 3.1399128e-14 
3.440531e-10 3.1287591e-14 
3.003174e-10 3.121821e-14 
3.005445e-10 3.122109e-14 
3.37501e-10 3.1286619e-14 
3.417842e-10 3.1143798e-14 
3.206942e-10 3.1356558e-14 
3.397185e-10 3.1082733e-14 
3.170919e-10 3.1282254e-14 
3.50306e-10 3.1402395e-14 
3.294892e-10 3.1194234e-14 
3.507123e-10 3.1235589e-14 
3.25869e-10 3.1309902e-14 
3.295691e-10 3.1457187e-14 
3.278902e-10 3.1329297e-14 
3.281155e-10 3.1312368e-14 
3.185296e-10 3.1141692e-14 
3.309087e-10 3.1159647e-14 
3.131582e-10 3.1345569e-14 
3.241848e-10 3.1195755e-14 
3.146376e-10 3.1469832e-14 
3.244573e-10 3.1253328e-14 
3.440551e-10 3.126339e-14 
3.209416e-10 3.1251033e-14 
3.340408e-10 3.1124466e-14 
3.114937e-10 3.1210011e-14 
3.290554e-10 3.1317435e-14 
3.232993e-10 3.1332177e-14 
3.186199e-10 3.1087773e-14 
3.20958e-10 3.147948e-14 
3.230401e-10 3.1264956e-14 
3.40169e-10 3.1296888e-14 
3.317195e-10 3.1339413e-14 
3.424277e-10 3.1171266e-14 
3.227428e-10 3.1279338e-14 
3.159308e-10 3.1164399e-14 
3.351629e-10 3.1141314e-14 
3.308736e-10 3.1303935e-14 
3.243621e-10 3.1236021e-14 
3.218441e-10 3.1181355e-14 
3.2404e-10 3.1476969e-14 
3.358373e-10 3.1160475e-14 
3.371345e-10 3.1330242e-14 
3.20953e-10 3.13092e-14 
3.35411e-10 3.1316787e-14 
3.261719e-10 3.1326021e-14 
3.34613e-10 3.1259997e-14 
3.146847e-10 3.1348665e-14 
3.279839e-10 3.1342149e-14 
3.12731e-10 3.1218741e-14 
3.374613e-10 3.1177386e-14 
3.24616e-10 3.1247226e-14 
3.161069e-10 3.1360428e-14 
3.588956e-10 3.1338576e-14 
3.164104e-10 3.1372803e-14 
3.287959e-10 3.1128291e-14 
3.206314e-10 3.1318443e-14 
3.44156e-10 3.1283496e-14 
3.06439e-10 3.1133763e-14 
3.238065e-10 3.1001553e-14 
3.356069e-10 3.1294566e-14 
3.13536e-10 3.1265127e-14 
3.292086e-10 3.1176369e-14 
3.180984e-10 3.1205466e-14 
3.422816e-10 3.1260861e-14 
3.270676e-10 3.1341843e-14 
3.290068e-10 3.1378851e-14 
3.223374e-10 3.1377348e-14 
3.26576e-10 3.138165e-14 
3.33321e-10 3.1443525e-14 
3.31723e-10 3.1269654e-14 
3.401977e-10 3.1456863e-14 
3.319984e-10 3.1281867e-14 
3.324105e-10 3.1178052e-14 
3.369731e-10 3.1444209e-14 
3.295607e-10 3.1284036e-14 
3.333021e-10 3.14064e-14 
3.14529e-10 3.0961008e-14 
3.400848e-10 3.1217859e-14 
3.432439e-10 3.136023e-14 
3.468894e-10 3.1429188e-14 
3.282502e-10 3.1128696e-14 
3.263669e-10 3.1378194e-14 
3.41932e-10 3.109068e-14 
3.170272e-10 3.1147542e-14 
3.642784e-10 3.1315518e-14 
3.204068e-10 3.1261266e-14 
3.301864e-10 3.126672e-14 
3.142643e-10 3.120957e-14 
3.318022e-10 3.1362426e-14 
3.252561e-10 3.1177395e-14 
3.311219e-10 3.1296771e-14 
3.288748e-10 3.1252689e-14 
3.324868e-10 3.1215753e-14 
3.266945e-10 3.1162941e-14 
3.227583e-10 3.140163e-14 
3.276875e-10 3.1273065e-14 
3.224311e-10 3.1288905e-14 
3.315537e-10 3.1323969e-14 
3.134352e-10 3.1278933e-14 
3.297007e-10 3.1120794e-14 
3.179461e-10 3.1363704e-14 
2.9082e-10 3.1262004e-14 
3.207522e-10 3.1246416e-14 
3.339314e-10 3.1236615e-14 
3.589977e-10 3.1208193e-14 
3.485752e-10 3.1165758e-14 
3.360956e-10 3.1244886e-14 
3.580129e-10 3.1300632e-14 
3.362433e-10 3.1005639e-14 
3.172479e-10 3.1259835e-14 
3.34325e-10 3.1127643e-14 
3.295864e-10 3.1200912e-14 
3.363462e-10 3.1262886e-14 
3.177439e-10 3.1100436e-14 
3.312903e-10 3.1437909e-14 
3.249324e-10 3.1237803e-14 
3.330479e-10 3.1480803e-14 
3.281869e-10 3.1581927e-14 
3.344442e-10 3.1313061e-14 
3.2004e-10 3.1401666e-14 
3.062775e-10 3.1046994e-14 
3.499184e-10 3.1272678e-14 
3.191422e-10 3.1209993e-14 
3.263281e-10 3.1281543e-14 
3.412982e-10 3.1273677e-14 
3.052277e-10 3.1225194e-14 
3.190811e-10 3.1124925e-14 
3.128836e-10 3.1441914e-14 
3.389081e-10 3.1311756e-14 
3.086738e-10 3.1309479e-14 
3.252781e-10 3.1318884e-14 
3.145415e-10 3.1604292e-14 
3.271795e-10 3.1229631e-14 
3.268716e-10 3.1391775e-14 
3.395338e-10 3.1161924e-14 
3.211315e-10 3.1336704e-14 
3.194191e-10 3.1179348e-14 
3.213084e-10 3.1406391e-14 
3.169589e-10 3.1124448e-14 
3.487922e-10 3.154077e-14 
3.224327e-10 3.1542444e-14 
3.140559e-10 3.1105791e-14 
3.271347e-10 3.1322763e-14 
3.493292e-10 3.1180698e-14 
3.238554e-10 3.1368762e-14 
3.033217e-10 3.1377582e-14 
3.096356e-10 3.1138929e-14 
3.440243e-10 3.1497552e-14 
3.102301e-10 3.1318209e-14 
3.219905e-10 3.1341726e-14 
3.517589e-10 3.1262418e-14 
3.307368e-10 3.1483611e-14 
3.286299e-10 3.1374117e-14 
3.228799e-10 3.1257891e-14 
3.152613e-10 3.1360194e-14 
3.188975e-10 3.1107537e-14 
3.352194e-10 3.143826e-14 
3.062316e-10 3.1006746e-14 
3.361406e-10 3.1326183e-14 
3.257346e-10 3.1448196e-14 
3.341854e-10 3.11769e-14 
3.083644e-10 3.1498974e-14 
3.227027e-10 3.1203189e-14 
3.337443e-10 3.1304052e-14 
3.15044e-10 3.1142133e-14 
3.189297e-10 3.1314573e-14 
3.329061e-10 3.1582953e-14 
3.041873e-10 3.1049253e-14 
3.264854e-10 3.1414887e-14 
3.140664e-10 3.1178439e-14 
3.316553e-10 3.1258908e-14 
3.188988e-10 3.1169466e-14 
3.445379e-10 3.1158549e-14 
3.273833e-10 3.1310532e-14 
3.264822e-10 3.1208337e-14 
3.180513e-10 3.1303683e-14 
3.334212e-10 3.1365873e-14 
3.325139e-10 3.1383612e-14 
3.304745e-10 3.1289031e-14 
3.576576e-10 3.1314411e-14 
3.018187e-10 3.1291893e-14 
3.323975e-10 3.1256838e-14 
3.254846e-10 3.1277601e-14 
3.32822e-10 3.1195593e-14 
3.203407e-10 3.1347144e-14 
3.121308e-10 3.1507983e-14 
3.126112e-10 3.1252347e-14 
3.165155e-10 3.1258215e-14 
3.411974e-10 3.1332294e-14 
3.44156e-10 3.1283496e-14 
3.06439e-10 3.1133763e-14 
3.184907e-10 3.1255668e-14 
3.391803e-10 3.1380336e-14 
3.050881e-10 3.1216635e-14 
3.262985e-10 3.1272066e-14 
3.240044e-10 3.1229946e-14 
3.194981e-10 3.1164192e-14 
3.127048e-10 3.1046139e-14 
3.38942e-10 3.1153608e-14 
3.460737e-10 3.1475862e-14 
3.358775e-10 3.1462416e-14 
3.256962e-10 3.1047777e-14 
3.150938e-10 3.128085e-14 
3.196774e-10 3.1120965e-14 
3.420079e-10 3.1126698e-14 
3.169589e-10 3.1124448e-14 
3.254476e-10 3.125196e-14 
3.202859e-10 3.1125114e-14 
3.191548e-10 3.1447134e-14 
3.172913e-10 3.1195485e-14 
3.415054e-10 3.1181796e-14 
3.20992e-10 3.1252068e-14 
3.295691e-10 3.1457187e-14 
3.353913e-10 3.145158e-14 
3.06034e-10 3.1356243e-14 
3.283418e-10 3.1235985e-14 
3.064882e-10 3.1285296e-14 
3.461203e-10 3.1479462e-14 
3.225471e-10 3.1227102e-14 
3.424e-10 3.1229703e-14 
3.314152e-10 3.1137939e-14 
3.276849e-10 3.135024e-14 
3.324864e-10 3.1261563e-14 
3.379238e-10 3.1186926e-14 
3.203616e-10 3.1411125e-14 
3.303149e-10 3.1278699e-14 
3.238107e-10 3.1271751e-14 
3.34748e-10 3.1158387e-14 
3.281086e-10 3.147372e-14 
3.272467e-10 3.1228515e-14 
3.457355e-10 3.1453353e-14 
3.187207e-10 3.1279716e-14 
3.535371e-10 3.1287564e-14 
3.185603e-10 3.1203144e-14 
3.238601e-10 3.1174587e-14 
3.236436e-10 3.1388625e-14 
3.258701e-10 3.1074687e-14 
3.144028e-10 3.1340331e-14 
3.087268e-10 3.13758e-14 
3.397724e-10 3.1172562e-14 
3.177306e-10 3.1286358e-14 
3.128169e-10 3.1221171e-14 
3.558038e-10 3.1220154e-14 
3.078914e-10 3.114378e-14 
3.15155e-10 3.1193613e-14 
3.217159e-10 3.1231503e-14 
3.335865e-10 3.1271841e-14 
3.417613e-10 3.1413672e-14 
3.190758e-10 3.1226805e-14 
3.180831e-10 3.1188258e-14 
3.129792e-10 3.1172022e-14 
3.211201e-10 3.127743e-14 
3.447515e-10 3.1184658e-14 
3.183688e-10 3.1541904e-14 
3.177845e-10 3.1258179e-14 
3.178721e-10 3.1389921e-14 
3.219937e-10 3.1377861e-14 
3.18632e-10 3.1371102e-14 
3.239968e-10 3.1416345e-14 
3.440011e-10 3.1596093e-14 
3.227704e-10 3.1318398e-14 
3.233424e-10 3.1183389e-14 
3.123695e-10 3.1320468e-14 
3.275218e-10 3.1166091e-14 
3.0122e-10 3.1317885e-14 
3.340365e-10 3.1251159e-14 
3.408914e-10 3.1128255e-14 
3.319578e-10 3.1227561e-14 
3.204189e-10 3.123225e-14 
3.397229e-10 3.1305258e-14 
3.250474e-10 3.1512879e-14 
3.184866e-10 3.1145949e-14 
3.301244e-10 3.1333968e-14 
3.39303e-10 3.1377726e-14 
3.322662e-10 3.1502205e-14 
3.218995e-10 3.1248333e-14 
3.31111e-10 3.118446e-14 
3.096093e-10 3.1266207e-14 
3.23169e-10 3.131244e-14 
3.198166e-10 3.1245912e-14 
3.145963e-10 3.1238136e-14 
3.271614e-10 3.1364541e-14 
3.289435e-10 3.1166352e-14 
3.43284e-10 3.1280022e-14 
3.159137e-10 3.1242672e-14 
3.293833e-10 3.1333482e-14 
3.073012e-10 3.1146057e-14 
3.256871e-10 3.1414338e-14 
3.068312e-10 3.1393764e-14 
3.080549e-10 3.1284414e-14 
2.98438e-10 3.129552e-14 
3.431486e-10 3.1363569e-14 
3.43431e-10 3.1202964e-14 
3.322642e-10 3.1424868e-14 
3.405253e-10 3.1451562e-14 
3.093836e-10 3.1351608e-14 
3.13616e-10 3.1034259e-14 
3.34041e-10 3.1345767e-14 
3.276884e-10 3.1110075e-14 
3.183109e-10 3.1067046e-14 
3.211556e-10 3.1275585e-14 
3.188029e-10 3.1433094e-14 
3.137321e-10 3.125268e-14 
3.225348e-10 3.1358403e-14 
3.378635e-10 3.1322934e-14 
3.204673e-10 3.1231863e-14 
3.189142e-10 3.1271553e-14 
3.238885e-10 3.1328487e-14 
3.275638e-10 3.1303548e-14 
3.111972e-10 3.1075083e-14 
3.198459e-10 3.1181445e-14 
3.107992e-10 3.0981285e-14 
3.305926e-10 3.1373091e-14 
2.974614e-10 3.130605e-14 
3.152601e-10 3.1426506e-14 
3.283317e-10 3.1295457e-14 
3.310358e-10 3.1251537e-14 
3.336681e-10 3.1191561e-14 
3.335861e-10 3.1054122e-14 
3.152701e-10 3.1144689e-14 
3.301965e-10 3.1261635e-14 
3.069467e-10 3.131001e-14 
3.185732e-10 3.1541742e-14 
3.12678e-10 3.1326282e-14 
3.166068e-10 3.1176099e-14 
3.082437e-10 3.1330071e-14 
3.353429e-10 3.1335399e-14 
3.233424e-10 3.1183389e-14 
3.123695e-10 3.1320468e-14 
3.219759e-10 3.1296465e-14 
3.311586e-10 3.1387761e-14 
3.044113e-10 3.1274244e-14 
3.158342e-10 3.1657752e-14 
3.057003e-10 3.1290804e-14 
3.369685e-10 3.1536891e-14 
3.401235e-10 3.1139082e-14 
3.188054e-10 3.1143213e-14 
3.1763e-10 3.1355469e-14 
3.415314e-10 3.1226994e-14 
3.183599e-10 3.1209813e-14 
3.21073e-10 3.1088772e-14 
3.436888e-10 3.1185828e-14 
3.195962e-10 3.1298094e-14 
3.286633e-10 3.124296e-14 
3.140039e-10 3.1300668e-14 
3.363429e-10 3.119157e-14 
3.053951e-10 3.1555602e-14 
3.149339e-10 3.1334364e-14 
3.304531e-10 3.1442157e-14 
3.258021e-10 3.1476744e-14 
3.343284e-10 3.1397913e-14 
3.032227e-10 3.1037535e-14 
3.138572e-10 3.1186035e-14 
3.444426e-10 3.131388e-14 
3.453362e-10 3.1274172e-14 
3.126654e-10 3.1214286e-14 
3.448984e-10 3.1318047e-14 
3.314897e-10 3.1585914e-14 
3.354238e-10 3.1201308e-14 
3.04098e-10 3.1326534e-14 
3.475371e-10 3.1038624e-14 
3.259828e-10 3.1284207e-14 
3.127823e-10 3.1144869e-14 
3.246284e-10 3.110787e-14 
3.342329e-10 3.1168089e-14 
3.203313e-10 3.1264515e-14 
3.150777e-10 3.1207464e-14 
3.374139e-10 3.1202163e-14 
3.468555e-10 3.1452759e-14 
3.144094e-10 3.1024926e-14 
3.37069e-10 3.1152771e-14 
3.540751e-10 3.1177647e-14 
3.290846e-10 3.1016412e-14 
3.363212e-10 3.0953907e-14 
3.184987e-10 3.1322241e-14 
3.089083e-10 3.1257477e-14 
3.25227e-10 3.1403043e-14 
3.20179e-10 3.1074696e-14 
3.350537e-10 3.1061529e-14 
3.249271e-10 3.1237398e-14 
3.121119e-10 3.1130109e-14 
3.252655e-10 3.1236876e-14 
3.346893e-10 3.1407705e-14 
3.267225e-10 3.1415175e-14 
3.148533e-10 3.1438989e-14 
3.377096e-10 3.1309623e-14 
3.132224e-10 3.1248261e-14 
3.05253e-10 3.1412898e-14 
2.97185e-10 3.1403538e-14 
3.348225e-10 3.1494096e-14 
3.193872e-10 3.1068009e-14 
3.272595e-10 3.1230324e-14 
3.34489e-10 3.1190463e-14 
3.182018e-10 3.1256361e-14 
2.954462e-10 3.1249332e-14 
3.277872e-10 3.0981168e-14 
3.31495e-10 3.1250718e-14 
3.238639e-10 3.1432437e-14 
3.279553e-10 3.1427766e-14 
3.191091e-10 3.1470615e-14 
3.179948e-10 3.1169772e-14 
3.328963e-10 3.1217598e-14 
3.228103e-10 3.1352391e-14 
3.189176e-10 3.1134735e-14 
3.308942e-10 3.1226949e-14 
3.132519e-10 3.1191813e-14 
3.266805e-10 3.1327659e-14 
3.226048e-10 3.121686e-14 
3.210214e-10 3.1447251e-14 
3.31994e-10 3.1199904e-14 
3.438207e-10 3.1380633e-14 
3.313192e-10 3.1043862e-14 
3.229118e-10 3.1129083e-14 
3.002071e-10 3.1333572e-14 
3.278704e-10 3.1340646e-14 
3.339299e-10 3.1263273e-14 
3.254296e-10 3.1332033e-14 
3.202986e-10 3.1052826e-14 
3.070449e-10 3.1216428e-14 
3.243871e-10 3.1321134e-14 
3.298571e-10 3.1258539e-14 
3.362264e-10 3.1305249e-14 
3.068312e-10 3.1393764e-14 
3.330148e-10 3.1217148e-14 
3.407426e-10 3.1302153e-14 
3.24235e-10 3.1210119e-14 
3.409294e-10 3.1193613e-14 
3.33354e-10 3.1244319e-14 
3.42963e-10 3.1387293e-14 
3.354481e-10 3.11976e-14 
3.285296e-10 3.1151331e-14 
3.305331e-10 3.1186836e-14 
3.154163e-10 3.1316337e-14 
3.222737e-10 3.1197393e-14 
3.155896e-10 3.1115259e-14 
3.486558e-10 3.1279761e-14 
3.208793e-10 3.1243401e-14 
3.016567e-10 3.1214466e-14 
3.150893e-10 3.1356612e-14 
3.240666e-10 3.150072e-14 
3.081691e-10 3.1261986e-14 
2.945589e-10 3.1425849e-14 
3.148999e-10 3.1209777e-14 
3.315326e-10 3.126852e-14 
3.612169e-10 3.1244958e-14 
3.396882e-10 3.1269915e-14 
3.115606e-10 3.1514877e-14 
3.313025e-10 3.1043052e-14 
3.28637e-10 3.126762e-14 
3.321973e-10 3.1432815e-14 
3.41205e-10 3.157623e-14 
3.282341e-10 3.1415166e-14 
3.153981e-10 3.1269996e-14 
3.583536e-10 3.1187412e-14 
3.230515e-10 3.1177134e-14 
3.156584e-10 3.1126104e-14 
3.49031e-10 3.1207536e-14 
3.202705e-10 3.1420539e-14 
3.320374e-10 3.1357827e-14 
3.278091e-10 3.1334445e-14 
3.358313e-10 3.1503384e-14 
3.324097e-10 3.1514238e-14 
3.131179e-10 3.1232277e-14 
3.371782e-10 3.1337469e-14 
3.366349e-10 3.1063347e-14 
3.217541e-10 3.1274523e-14 
3.457233e-10 3.1255578e-14 
3.347875e-10 3.1284396e-14 
3.173985e-10 3.1201092e-14 
3.257053e-10 3.1609431e-14 
3.484864e-10 3.1214457e-14 
3.052125e-10 3.1242087e-14 
3.193839e-10 3.1237092e-14 
3.194875e-10 3.1352202e-14 
3.436888e-10 3.1185828e-14 
3.235886e-10 3.1527522e-14 
3.131019e-10 3.1089699e-14 
3.333702e-10 3.1616208e-14 
3.164213e-10 3.1152438e-14 
3.108909e-10 3.1163985e-14 
3.105845e-10 3.1040127e-14 
3.40724e-10 3.1349718e-14 
3.263797e-10 3.1307337e-14 
3.190366e-10 3.1177602e-14 
3.185906e-10 3.121164e-14 
3.282771e-10 3.1313187e-14 
3.317806e-10 3.1188645e-14 
3.156961e-10 3.1267548e-14 
3.765571e-10 3.1008942e-14 
3.329377e-10 3.1272786e-14 
3.099218e-10 3.1201524e-14 
3.09977e-10 3.1242483e-14 
3.255094e-10 3.1318011e-14 
3.061929e-10 3.1414572e-14 
3.13125e-10 3.1332591e-14 
3.202793e-10 3.1264956e-14 
3.346517e-10 3.1147668e-14 
3.436758e-10 3.1266333e-14 
3.325449e-10 3.1322304e-14 
3.422991e-10 3.1190085e-14 
3.094278e-10 3.1355856e-14 
3.11734e-10 3.1101525e-14 
3.191277e-10 3.1304691e-14 
3.281933e-10 3.1330611e-14 
3.199652e-10 3.109869e-14 
3.421136e-10 3.1555413e-14 
3.433544e-10 3.1330008e-14 
3.041798e-10 3.1316679e-14 
3.126821e-10 3.1630455e-14 
3.389901e-10 3.1139244e-14 
3.182419e-10 3.1303386e-14 
3.128056e-10 3.1129236e-14 
3.116432e-10 3.1271643e-14 
3.19711e-10 3.1104801e-14 
3.139772e-10 3.1111551e-14 
3.259333e-10 3.1280931e-14 
3.476613e-10 3.1211703e-14 
3.145322e-10 3.1106502e-14 
3.247435e-10 3.1367961e-14 
3.268779e-10 3.1120515e-14 
3.294529e-10 3.1192389e-14 
2.997938e-10 3.1347648e-14 
3.185732e-10 3.1541742e-14 
3.285507e-10 3.1261941e-14 
3.295861e-10 3.1340484e-14 
3.148339e-10 3.1058703e-14 
3.167628e-10 3.1194792e-14 
3.192553e-10 3.1114962e-14 
3.389081e-10 3.1311756e-14 
3.19525e-10 3.1243752e-14 
3.227958e-10 3.1403763e-14 
3.145415e-10 3.1604292e-14 
3.271795e-10 3.1229631e-14 
3.175539e-10 3.1146858e-14 
3.190728e-10 3.1216077e-14 
3.38817e-10 3.124665e-14 
3.210781e-10 3.1455288e-14 
3.240108e-10 3.1285116e-14 
3.248102e-10 3.1030677e-14 
3.338487e-10 3.1264236e-14 
3.133795e-10 3.1221693e-14 
3.274927e-10 3.1380669e-14 
3.021499e-10 3.1317849e-14 
3.407866e-10 3.1096881e-14 
3.118768e-10 3.1321737e-14 
3.033217e-10 3.1377582e-14 
3.261528e-10 3.1405023e-14 
3.191547e-10 3.1316904e-14 
3.13693e-10 3.1314492e-14 
3.193163e-10 3.1165794e-14 
3.230195e-10 3.1225698e-14 
3.161207e-10 3.1328001e-14 
3.226186e-10 3.1386717e-14 
3.197906e-10 3.1313016e-14 
3.156527e-10 3.1189527e-14 
3.446907e-10 3.1197438e-14 
3.236616e-10 3.1259484e-14 
3.424677e-10 3.1143645e-14 
3.460152e-10 3.1224969e-14 
3.316845e-10 3.1308624e-14 
3.247998e-10 3.1248918e-14 
3.354481e-10 3.11976e-14 
3.369682e-10 3.1460688e-14 
3.188764e-10 3.116358e-14 
3.421601e-10 3.1105791e-14 
3.164865e-10 3.0998232e-14 
3.224043e-10 3.114927e-14 
3.392205e-10 3.1152726e-14 
3.488613e-10 3.1204188e-14 
3.181288e-10 3.125844e-14 
3.258529e-10 3.1100427e-14 
3.102286e-10 3.1395384e-14 
3.114527e-10 3.113973e-14 
3.306677e-10 3.1201614e-14 
3.204624e-10 3.1335678e-14 
3.250693e-10 3.1263165e-14 
3.261553e-10 3.1255038e-14 
3.176841e-10 3.1252752e-14 
3.016516e-10 3.1233951e-14 
3.216147e-10 3.1202226e-14 
3.25989e-10 3.1276152e-14 
3.490465e-10 3.1314834e-14 
3.133597e-10 3.1191174e-14 
3.098791e-10 3.1239423e-14 
3.172383e-10 3.1166892e-14 
3.205353e-10 3.1404375e-14 
3.132224e-10 3.1248261e-14 
3.114144e-10 3.1411188e-14 
3.408527e-10 3.129678e-14 
3.220165e-10 3.115053e-14 
3.31004e-10 3.1419891e-14 
3.239968e-10 3.1416345e-14 
3.224434e-10 3.153069e-14 
3.374837e-10 3.1021434e-14 
3.304155e-10 3.1350825e-14 
3.297231e-10 3.1526181e-14 
3.266045e-10 3.1248765e-14 
3.273415e-10 3.1328073e-14 
3.372225e-10 3.1274919e-14 
3.197706e-10 3.1185585e-14 
3.310234e-10 3.1262499e-14 
3.213595e-10 3.1293846e-14 
3.208839e-10 3.1447134e-14 
3.290749e-10 3.1221774e-14 
3.35517e-10 3.106737e-14 
3.25871e-10 3.1477842e-14 
3.467579e-10 3.1189545e-14 
3.130492e-10 3.1489335e-14 
3.385878e-10 3.1445487e-14 
3.240788e-10 3.1264794e-14 
3.273991e-10 3.1281147e-14 
3.279292e-10 3.1279653e-14 
3.463425e-10 3.1239747e-14 
3.322919e-10 3.1081149e-14 
3.226711e-10 3.133179e-14 
3.482327e-10 3.1185351e-14 
3.329897e-10 3.1031505e-14 
3.146186e-10 3.1262697e-14 
3.399259e-10 3.111993e-14 
3.266956e-10 3.1126977e-14 
2.975165e-10 3.136257e-14 
3.237803e-10 3.1488399e-14 
3.329569e-10 3.1142754e-14 
3.096955e-10 3.1239225e-14 
3.306978e-10 3.1208337e-14 
3.088607e-10 3.1402692e-14 
3.222989e-10 3.1087476e-14 
3.301847e-10 3.1293099e-14 
3.417725e-10 3.1421835e-14 
3.13674e-10 3.1348431e-14 
3.389582e-10 3.1479462e-14 
3.162305e-10 3.1268241e-14 
3.261447e-10 3.1374549e-14 
3.367598e-10 3.1193163e-14 
3.327832e-10 3.1226913e-14 
3.15874e-10 3.1052484e-14 
3.307415e-10 3.1288392e-14 
3.300632e-10 3.118518e-14 
3.256522e-10 3.1238442e-14 
3.339418e-10 3.1080465e-14 
3.01343e-10 3.1157532e-14 
3.388731e-10 3.1321638e-14 
3.179791e-10 3.1155885e-14 
3.295607e-10 3.1123251e-14 
3.207242e-10 3.1382523e-14 
3.237875e-10 3.1540932e-14 
3.3527e-10 3.1119759e-14 
3.201271e-10 3.121794e-14 
3.17925e-10 3.124503e-14 
3.175923e-10 3.1191318e-14 
3.465327e-10 3.1375566e-14 
3.360938e-10 3.1227399e-14 
3.273688e-10 3.1375152e-14 
3.280546e-10 3.1208292e-14 
3.113486e-10 3.1225599e-14 
3.10442e-10 3.1280103e-14 
3.342949e-10 3.1349646e-14 
3.306006e-10 3.1320828e-14 
3.251368e-10 3.1107897e-14 
3.189047e-10 3.1306914e-14 
3.302316e-10 3.1340052e-14 
3.299005e-10 3.1116726e-14 
3.330906e-10 3.1233159e-14 
3.200104e-10 3.1258215e-14 
3.30228e-10 3.1460526e-14 
2.999896e-10 3.1395492e-14 
3.293645e-10 3.1488192e-14 
3.16036e-10 3.1410063e-14 
3.212232e-10 3.1232646e-14 
3.101647e-10 3.1331052e-14 
3.221433e-10 3.1281102e-14 
3.131061e-10 3.1161276e-14 
3.356198e-10 3.1105908e-14 
3.356752e-10 3.139641e-14 
2.996677e-10 3.1181841e-14 
3.277313e-10 3.1424058e-14 
3.478412e-10 3.111057e-14 
3.267277e-10 3.1468032e-14 
3.375573e-10 3.1298103e-14 
3.246546e-10 3.1110525e-14 
3.296473e-10 3.1131144e-14 
3.439825e-10 3.1303179e-14 
3.311041e-10 3.1341375e-14 
3.219425e-10 3.1300452e-14 
3.324054e-10 3.1243626e-14 
3.280069e-10 3.1355622e-14 
3.286061e-10 3.1314438e-14 
3.050501e-10 3.1169133e-14 
3.329341e-10 3.1097286e-14 
3.434341e-10 3.1227633e-14 
3.440052e-10 3.1249467e-14 
3.284926e-10 3.111498e-14 
3.325214e-10 3.1211982e-14 
3.112199e-10 3.1323942e-14 
3.470475e-10 3.118536e-14 
3.298094e-10 3.1476321e-14 
3.310313e-10 3.1384935e-14 
3.10297e-10 3.1325175e-14 
3.417027e-10 3.1268475e-14 
3.365519e-10 3.1120758e-14 
3.42873e-10 3.1372029e-14 
2.902481e-10 3.1127895e-14 
3.183735e-10 3.1196088e-14 
3.225164e-10 3.1315536e-14 
3.410185e-10 3.1231647e-14 
3.51393e-10 3.1355163e-14 
3.28313e-10 3.1396446e-14 
3.164835e-10 3.1258089e-14 
3.215495e-10 3.1217265e-14 
3.396856e-10 3.1344741e-14 
3.22823e-10 3.1106646e-14 
3.332412e-10 3.1329918e-14 
3.315593e-10 3.1254057e-14 
3.114105e-10 3.1448799e-14 
3.301966e-10 3.1087944e-14 
3.271471e-10 3.1456674e-14 
3.339519e-10 3.1085442e-14 
3.472284e-10 3.1166541e-14 
3.27788e-10 3.1267206e-14 
3.150588e-10 3.1481919e-14 
3.073965e-10 3.1017906e-14 
3.341851e-10 3.1331448e-14 
3.202988e-10 3.1541706e-14 
3.150185e-10 3.1422654e-14 
3.172105e-10 3.1305294e-14 
3.182957e-10 3.1370427e-14 
3.067848e-10 3.1056984e-14 
3.041056e-10 3.1133664e-14 
3.407011e-10 3.1262508e-14 
3.216623e-10 3.1109949e-14 
3.291002e-10 3.113793e-14 
3.287959e-10 3.1194495e-14 
3.150168e-10 3.1191876e-14 
3.26576e-10 3.138165e-14 
3.325138e-10 3.1318335e-14 
3.269631e-10 3.1227741e-14 
3.067123e-10 3.1198968e-14 
3.249143e-10 3.144627e-14 
3.25602e-10 3.1173777e-14 
3.283156e-10 3.104451e-14 
3.317455e-10 3.1293765e-14 
3.242317e-10 3.1325724e-14 
3.297379e-10 3.1439988e-14 
3.416416e-10 3.1290246e-14 
3.159501e-10 3.1247748e-14 
3.247954e-10 3.1369572e-14 
3.22315e-10 3.150306e-14 
3.210013e-10 3.1136013e-14 
3.018909e-10 3.1306905e-14 
3.354823e-10 3.124872e-14 
3.147326e-10 3.1170519e-14 
3.324764e-10 3.118653e-14 
3.505887e-10 3.1252383e-14 
3.130539e-10 3.1294251e-14 
3.125668e-10 3.1341654e-14 
3.23144e-10 3.1245381e-14 
3.42038e-10 3.1390443e-14 
3.313068e-10 3.1379697e-14 
3.365681e-10 3.1191318e-14 
2.974897e-10 3.1256487e-14 
3.208475e-10 3.1078017e-14 
3.333244e-10 3.1187394e-14 
3.359586e-10 3.1090905e-14 
3.291098e-10 3.1187007e-14 
3.355276e-10 3.1173489e-14 
3.255082e-10 3.130344e-14 
3.21356e-10 3.1175451e-14 
3.37932e-10 3.1074957e-14 
3.15666e-10 3.1376997e-14 
3.339314e-10 3.1236615e-14 
3.191792e-10 3.1274181e-14 
3.279842e-10 3.1247361e-14 
3.338102e-10 3.12075e-14 
3.212016e-10 3.1335543e-14 
3.264972e-10 3.1235571e-14 
3.191451e-10 3.1425786e-14 
3.400252e-10 3.1427712e-14 
3.274049e-10 3.1379247e-14 
3.213127e-10 3.1196727e-14 
3.277076e-10 3.1222476e-14 
3.237514e-10 3.1319073e-14 
3.178925e-10 3.1488966e-14 
3.35844e-10 3.1516848e-14 
3.444006e-10 3.1249161e-14 
3.153605e-10 3.1257099e-14 
3.311881e-10 3.1297383e-14 
3.144693e-10 3.1290858e-14 
3.175999e-10 3.1301793e-14 
3.348225e-10 3.1494096e-14 
3.193872e-10 3.1068009e-14 
3.38027e-10 3.1366242e-14 
3.163734e-10 3.1355667e-14 
3.133817e-10 3.1232574e-14 
3.20638e-10 3.1203567e-14 
3.353877e-10 3.1140954e-14 
3.134222e-10 3.1317651e-14 
3.344918e-10 3.1263903e-14 
3.116409e-10 3.1326597e-14 
3.615168e-10 3.1238865e-14 
3.063165e-10 3.1273002e-14 
3.308275e-10 3.1381101e-14 
3.201677e-10 3.1158774e-14 
3.459757e-10 3.1254615e-14 
3.386633e-10 3.1065048e-14 
3.271559e-10 3.1097448e-14 
3.106576e-10 3.1308093e-14 
3.153894e-10 3.1008735e-14 
3.269782e-10 3.1169889e-14 
3.18194e-10 3.117294e-14 
3.369145e-10 3.143934e-14 
3.160053e-10 3.1173561e-14 
3.281168e-10 3.1223052e-14 
3.011262e-10 3.1119633e-14 
3.37983e-10 3.1372308e-14 
3.014377e-10 3.107907e-14 
3.239602e-10 3.1200732e-14 
3.136568e-10 3.1317003e-14 
3.30007e-10 3.1232277e-14 
3.138572e-10 3.1186035e-14 
3.013623e-10 3.1567833e-14 
3.453362e-10 3.1274172e-14 
3.286493e-10 3.1407147e-14 
3.328679e-10 3.1206015e-14 
3.166697e-10 3.1558617e-14 
3.18626e-10 3.1211811e-14 
3.30583e-10 3.1215987e-14 
3.121459e-10 3.1229523e-14 
3.391462e-10 3.1095585e-14 
3.346349e-10 3.1177701e-14 
3.219112e-10 3.1233096e-14 
3.359573e-10 3.12291e-14 
3.256062e-10 3.1123683e-14 
3.248042e-10 3.1450878e-14 
3.462114e-10 3.1116483e-14 
3.192801e-10 3.1241412e-14 
3.311437e-10 3.1209867e-14 
3.191203e-10 3.1297194e-14 
3.269863e-10 3.1331547e-14 
3.237037e-10 3.1089978e-14 
3.152847e-10 3.1312476e-14 
3.182816e-10 3.144492e-14 
3.163142e-10 3.1148118e-14 
3.320496e-10 3.1230243e-14 
3.153193e-10 3.126276e-14 
3.172834e-10 3.1390155e-14 
3.170384e-10 3.1341771e-14 
3.110778e-10 3.0999087e-14 
3.329434e-10 3.1418883e-14 
3.546198e-10 3.1414437e-14 
3.324749e-10 3.1316904e-14 
3.244149e-10 3.1375494e-14 
3.14862e-10 3.1446666e-14 
3.198418e-10 3.1182876e-14 
3.199821e-10 3.1261248e-14 
3.167118e-10 3.1280634e-14 
3.219283e-10 3.1245498e-14 
3.082814e-10 3.1279302e-14 
3.257222e-10 3.1321998e-14 
3.25409e-10 3.1073688e-14 
3.16462e-10 3.1123404e-14 
3.199159e-10 3.1290642e-14 
3.358044e-10 3.1228263e-14 
3.314813e-10 3.1210263e-14 
3.322066e-10 3.122334e-14 
3.310366e-10 3.1303485e-14 
3.414561e-10 3.1299948e-14 
3.191201e-10 3.1481226e-14 
3.213595e-10 3.1293846e-14 
3.385059e-10 3.1448043e-14 
3.304656e-10 3.1123431e-14 
3.0289e-10 3.1441563e-14 
3.341777e-10 3.1181481e-14 
3.229813e-10 3.1069323e-14 
3.263962e-10 3.1161807e-14 
3.188811e-10 3.1066875e-14 
3.209725e-10 3.1533327e-14 
3.43372e-10 3.1397904e-14 
3.356375e-10 3.1316796e-14 
3.164453e-10 3.1327668e-14 
3.150347e-10 3.1252338e-14 
3.253895e-10 3.1364172e-14 
3.400496e-10 3.1290966e-14 
3.246865e-10 3.1342914e-14 
3.290345e-10 3.1251717e-14 
3.303597e-10 3.1455162e-14 
3.311606e-10 3.1639176e-14 
3.131492e-10 3.1235382e-14 
3.293849e-10 3.1631859e-14 
3.26966e-10 3.1323699e-14 
3.387374e-10 3.1167576e-14 
3.500652e-10 3.1490505e-14 
3.452672e-10 3.1290615e-14 
3.225912e-10 3.1322673e-14 
3.253877e-10 3.1068738e-14 
3.138988e-10 3.1393224e-14 
3.375525e-10 3.1496751e-14 
3.271552e-10 3.1053348e-14 
3.233962e-10 3.1319964e-14 
3.344685e-10 3.1119183e-14 
3.356097e-10 3.111093e-14 
3.246142e-10 3.1253823e-14 
3.178373e-10 3.1181706e-14 
3.218634e-10 3.1127481e-14 
3.28201e-10 3.1374396e-14 
3.114144e-10 3.1263408e-14 
3.09074e-10 3.1327254e-14 
3.293726e-10 3.135978e-14 
3.282477e-10 3.1350744e-14 
3.21156e-10 3.1210848e-14 
3.058509e-10 3.1237956e-14 
3.377553e-10 3.1228965e-14 
3.236591e-10 3.1390929e-14 
3.22378e-10 3.1394646e-14 
3.435762e-10 3.1248756e-14 
3.352601e-10 3.1297356e-14 
3.127664e-10 3.1419315e-14 
3.242813e-10 3.1258413e-14 
3.185018e-10 3.1338981e-14 
3.067472e-10 3.111381e-14 
3.380494e-10 3.1513608e-14 
3.092859e-10 3.1344354e-14 
3.168425e-10 3.1046157e-14 
