3.811649e-10 3.1204899e-14 
3.694397e-10 3.1181877e-14 
3.726271e-10 3.1220847e-14 
3.692295e-10 3.1028859e-14 
3.909835e-10 3.1188294e-14 
3.501718e-10 3.0944619e-14 
3.771229e-10 3.0999069e-14 
3.705383e-10 3.1225059e-14 
3.563781e-10 3.0993696e-14 
3.933728e-10 3.1170663e-14 
3.792924e-10 3.1005576e-14 
3.902605e-10 3.1281237e-14 
3.538207e-10 3.1403106e-14 
3.780639e-10 3.119283e-14 
3.568366e-10 3.1440249e-14 
3.550439e-10 3.1079385e-14 
4.02698e-10 3.1308741e-14 
3.600067e-10 3.1195089e-14 
3.529859e-10 3.1021218e-14 
3.569396e-10 3.1203351e-14 
3.600377e-10 3.0982743e-14 
3.823557e-10 3.1117941e-14 
3.63336e-10 3.1300155e-14 
3.826029e-10 3.1300371e-14 
3.831925e-10 3.1201236e-14 
3.743072e-10 3.1157856e-14 
3.742526e-10 3.1011192e-14 
3.615293e-10 3.1168431e-14 
3.553079e-10 3.1151853e-14 
3.594367e-10 3.1155714e-14 
3.769777e-10 3.0953331e-14 
3.721299e-10 3.1179132e-14 
3.540883e-10 3.1341285e-14 
3.905327e-10 3.1228344e-14 
3.416972e-10 3.1166442e-14 
3.764667e-10 3.1293315e-14 
3.689034e-10 3.1083453e-14 
3.751212e-10 3.1284657e-14 
3.84965e-10 3.0950271e-14 
3.656273e-10 3.0931362e-14 
3.564876e-10 3.1101417e-14 
3.495729e-10 3.1124574e-14 
3.568494e-10 3.1026195e-14 
3.735251e-10 3.1232133e-14 
3.688609e-10 3.1083552e-14 
4.199286e-10 3.1285395e-14 
4.145912e-10 3.1130172e-14 
4.032153e-10 3.1079871e-14 
3.724755e-10 3.1470516e-14 
3.602539e-10 3.1024944e-14 
3.721582e-10 3.125565e-14 
3.975746e-10 3.1014063e-14 
3.605238e-10 3.1159602e-14 
3.869615e-10 3.1135581e-14 
3.491565e-10 3.1341573e-14 
3.688711e-10 3.1224033e-14 
3.77074e-10 3.115386e-14 
3.638749e-10 3.1178403e-14 
3.61131e-10 3.1397004e-14 
3.847916e-10 3.1073418e-14 
3.685878e-10 3.1079637e-14 
3.710781e-10 3.1150521e-14 
3.694777e-10 3.1069044e-14 
3.573538e-10 3.1322052e-14 
3.958292e-10 3.1101228e-14 
3.56315e-10 3.123081e-14 
3.710451e-10 3.1070007e-14 
3.943231e-10 3.118896e-14 
3.707717e-10 3.1025466e-14 
3.429889e-10 3.1035132e-14 
3.539824e-10 3.1297878e-14 
3.807775e-10 3.117609e-14 
3.375124e-10 3.1028121e-14 
3.516269e-10 3.1107438e-14 
3.681422e-10 3.1218894e-14 
3.636685e-10 3.1153023e-14 
4.123389e-10 3.0990105e-14 
3.790292e-10 3.1018302e-14 
3.747086e-10 3.1168053e-14 
3.63106e-10 3.1125735e-14 
3.940882e-10 3.1181139e-14 
3.620889e-10 3.0908655e-14 
3.801258e-10 3.0973743e-14 
3.553839e-10 3.0881556e-14 
3.420561e-10 3.0945402e-14 
3.675542e-10 3.109455e-14 
3.755596e-10 3.1282515e-14 
3.67555e-10 3.1105098e-14 
3.800466e-10 3.1126194e-14 
3.822536e-10 3.1158234e-14 
3.782778e-10 3.1115502e-14 
3.755657e-10 3.116133e-14 
3.756798e-10 3.1231512e-14 
3.68796e-10 3.117294e-14 
3.790673e-10 3.13974e-14 
3.612384e-10 3.0998025e-14 
3.788905e-10 3.1331241e-14 
4.039002e-10 3.1075002e-14 
3.888181e-10 3.1064373e-14 
3.947913e-10 3.1125834e-14 
3.645421e-10 3.1065372e-14 
3.614351e-10 3.1038093e-14 
3.667228e-10 3.0974769e-14 
3.811345e-10 3.1083903e-14 
3.504011e-10 3.1116654e-14 
3.589047e-10 3.0853854e-14 
3.535772e-10 3.1068486e-14 
3.759455e-10 3.1074426e-14 
3.608533e-10 3.1181652e-14 
3.658245e-10 3.1110021e-14 
3.860072e-10 3.1149936e-14 
3.735822e-10 3.1328739e-14 
3.819619e-10 3.1213791e-14 
3.649392e-10 3.1093992e-14 
3.849583e-10 3.1002246e-14 
3.883018e-10 3.1111119e-14 
3.678823e-10 3.1052736e-14 
3.688462e-10 3.1174515e-14 
3.882347e-10 3.1295322e-14 
3.56051e-10 3.135699e-14 
3.78404e-10 3.1093722e-14 
3.910749e-10 3.0965022e-14 
3.766531e-10 3.1181832e-14 
3.644842e-10 3.1037247e-14 
3.794006e-10 3.1041522e-14 
3.577096e-10 3.1104396e-14 
3.846806e-10 3.1095414e-14 
3.78872e-10 3.1040172e-14 
3.743225e-10 3.1214016e-14 
3.90532e-10 3.111381e-14 
3.604356e-10 3.1112199e-14 
3.583084e-10 3.1032846e-14 
3.716447e-10 3.1053267e-14 
3.82783e-10 3.1189401e-14 
3.559411e-10 3.1129308e-14 
3.498409e-10 3.1124376e-14 
3.609514e-10 3.1171338e-14 
3.566692e-10 3.0977676e-14 
3.729863e-10 3.0994983e-14 
3.660991e-10 3.0976362e-14 
3.790301e-10 3.1295304e-14 
3.588345e-10 3.1057281e-14 
3.798898e-10 3.1073418e-14 
3.812644e-10 3.107421e-14 
3.973291e-10 3.1070682e-14 
4.075663e-10 3.1298499e-14 
3.685345e-10 3.1037139e-14 
3.553752e-10 3.0889719e-14 
3.673848e-10 3.1313106e-14 
3.668238e-10 3.121065e-14 
3.889767e-10 3.1238343e-14 
3.895371e-10 3.1057056e-14 
3.583653e-10 3.115494e-14 
3.751991e-10 3.123045e-14 
3.578841e-10 3.1211019e-14 
3.628222e-10 3.102561e-14 
3.665309e-10 3.1100355e-14 
3.571577e-10 3.1100778e-14 
3.625259e-10 3.1079952e-14 
3.855979e-10 3.0880206e-14 
3.543834e-10 3.1188978e-14 
3.891011e-10 3.1053798e-14 
3.745314e-10 3.1169862e-14 
3.709377e-10 3.1147056e-14 
3.658279e-10 3.1194729e-14 
3.851757e-10 3.1392828e-14 
3.743044e-10 3.1046265e-14 
3.775605e-10 3.1178007e-14 
3.751309e-10 3.1225203e-14 
4.049367e-10 3.1040586e-14 
3.546972e-10 3.0992328e-14 
3.573873e-10 3.1192965e-14 
3.597339e-10 3.0961152e-14 
3.699981e-10 3.0930255e-14 
3.752886e-10 3.1172445e-14 
3.46276e-10 3.1081329e-14 
3.835152e-10 3.1124322e-14 
3.920867e-10 3.1165065e-14 
3.892688e-10 3.120102e-14 
3.575614e-10 3.0947787e-14 
3.67923e-10 3.0869685e-14 
3.705719e-10 3.1252527e-14 
3.675265e-10 3.1223259e-14 
3.386376e-10 3.1162275e-14 
3.622754e-10 3.135546e-14 
3.698594e-10 3.1118976e-14 
3.737707e-10 3.0967065e-14 
3.520822e-10 3.1171437e-14 
3.628013e-10 3.1235904e-14 
3.560441e-10 3.1232754e-14 
3.639089e-10 3.1157532e-14 
3.593687e-10 3.0995082e-14 
3.675933e-10 3.1135545e-14 
3.889332e-10 3.1073724e-14 
3.821871e-10 3.1161105e-14 
3.903227e-10 3.1244193e-14 
3.526298e-10 3.0946059e-14 
3.744274e-10 3.0987387e-14 
3.80656e-10 3.1214196e-14 
3.645665e-10 3.1017537e-14 
3.921282e-10 3.115521e-14 
3.733817e-10 3.1272057e-14 
3.550927e-10 3.1083957e-14 
3.728335e-10 3.090699e-14 
3.754683e-10 3.0858552e-14 
3.856709e-10 3.095811e-14 
3.371435e-10 3.1096332e-14 
3.853955e-10 3.1057011e-14 
3.674984e-10 3.1209534e-14 
3.669213e-10 3.1027401e-14 
3.749999e-10 3.1095648e-14 
3.532887e-10 3.1003641e-14 
3.822877e-10 3.1032684e-14 
3.43244e-10 3.0963357e-14 
3.801963e-10 3.106512e-14 
3.755329e-10 3.1101048e-14 
3.529588e-10 3.1179654e-14 
3.66293e-10 3.1095153e-14 
3.628102e-10 3.1009365e-14 
3.60564e-10 3.1044483e-14 
3.598534e-10 3.1049325e-14 
3.633969e-10 3.1031991e-14 
3.660792e-10 3.1127337e-14 
3.655008e-10 3.1084884e-14 
3.995803e-10 3.1177899e-14 
3.649987e-10 3.1144302e-14 
3.638629e-10 3.1243941e-14 
3.913121e-10 3.102282e-14 
3.64893e-10 3.118437e-14 
3.630548e-10 3.1164804e-14 
3.7679e-10 3.1094145e-14 
3.709108e-10 3.1189635e-14 
3.595e-10 3.1275729e-14 
3.842724e-10 3.1153329e-14 
3.636478e-10 3.1422384e-14 
3.833898e-10 3.1184442e-14 
3.856936e-10 3.1147596e-14 
3.563961e-10 3.1271976e-14 
3.741808e-10 3.1042053e-14 
3.704513e-10 3.096558e-14 
3.757854e-10 3.1061934e-14 
3.968785e-10 3.1082517e-14 
3.583799e-10 3.0839157e-14 
3.741644e-10 3.1192137e-14 
3.920353e-10 3.1131792e-14 
3.532461e-10 3.0955707e-14 
3.747198e-10 3.1036329e-14 
3.858322e-10 3.1050774e-14 
3.771007e-10 3.1027338e-14 
3.89354e-10 3.1153221e-14 
3.659236e-10 3.1223934e-14 
3.89655e-10 3.1111425e-14 
3.644792e-10 3.1147542e-14 
3.67878e-10 3.1033044e-14 
3.870623e-10 3.1295349e-14 
3.476254e-10 3.1076397e-14 
3.908739e-10 3.1253598e-14 
3.809589e-10 3.1134582e-14 
3.574077e-10 3.1029309e-14 
3.363861e-10 3.0932523e-14 
3.560346e-10 3.1206726e-14 
3.753708e-10 3.1240683e-14 
3.750755e-10 3.1137246e-14 
3.726376e-10 3.1099176e-14 
3.740495e-10 3.0878649e-14 
3.997272e-10 3.101229e-14 
3.457031e-10 3.1144446e-14 
3.341389e-10 3.115557e-14 
3.721403e-10 3.0946257e-14 
3.74862e-10 3.1069629e-14 
3.539824e-10 3.1297878e-14 
3.681816e-10 3.1062825e-14 
3.496128e-10 3.1155012e-14 
3.561497e-10 3.1038174e-14 
3.581852e-10 3.1402206e-14 
3.773224e-10 3.1031658e-14 
3.583769e-10 3.1188375e-14 
3.760029e-10 3.1058406e-14 
3.675293e-10 3.1277538e-14 
3.880301e-10 3.1379535e-14 
3.768443e-10 3.116925e-14 
3.587236e-10 3.1108932e-14 
3.538176e-10 3.0960477e-14 
3.795657e-10 3.1222116e-14 
3.717914e-10 3.1013091e-14 
3.722418e-10 3.1218138e-14 
3.484541e-10 3.14694e-14 
3.632743e-10 3.1418631e-14 
3.764396e-10 3.1031217e-14 
3.758954e-10 3.1165155e-14 
3.632367e-10 3.104199e-14 
3.996059e-10 3.1247082e-14 
3.643168e-10 3.0916107e-14 
3.592115e-10 3.1029966e-14 
3.58689e-10 3.0853719e-14 
3.422182e-10 3.0997755e-14 
3.959143e-10 3.121749e-14 
3.644223e-10 3.126564e-14 
3.638416e-10 3.1136643e-14 
3.676873e-10 3.1091616e-14 
3.567211e-10 3.1035114e-14 
3.682949e-10 3.0904614e-14 
3.74181e-10 3.127608e-14 
3.618419e-10 3.0995442e-14 
3.766714e-10 3.1197672e-14 
3.663368e-10 3.1129173e-14 
3.836971e-10 3.1168413e-14 
3.73316e-10 3.1218084e-14 
3.388485e-10 3.1109868e-14 
3.522139e-10 3.1199148e-14 
3.409793e-10 3.1145562e-14 
3.715358e-10 3.1164741e-14 
3.542935e-10 3.1111875e-14 
3.817422e-10 3.1331475e-14 
3.858147e-10 3.0998232e-14 
3.79119e-10 3.1079835e-14 
4.020673e-10 3.0891672e-14 
3.758173e-10 3.1179861e-14 
3.648809e-10 3.108465e-14 
3.68589e-10 3.1239369e-14 
3.457145e-10 3.1155921e-14 
3.660167e-10 3.1051539e-14 
3.835712e-10 3.1137291e-14 
3.523591e-10 3.1058226e-14 
3.613669e-10 3.1110003e-14 
3.673667e-10 3.0967362e-14 
3.952599e-10 3.1142178e-14 
3.809494e-10 3.092769e-14 
3.538344e-10 3.1250304e-14 
3.585819e-10 3.0938112e-14 
3.537682e-10 3.1231593e-14 
4.032232e-10 3.1099239e-14 
3.538188e-10 3.1332654e-14 
3.677691e-10 3.1200507e-14 
3.341389e-10 3.115557e-14 
3.889915e-10 3.1266927e-14 
3.582175e-10 3.1132188e-14 
3.694559e-10 3.0955095e-14 
3.775244e-10 3.120318e-14 
3.529937e-10 3.1040442e-14 
3.664024e-10 3.0973131e-14 
3.609223e-10 3.1052988e-14 
3.70501e-10 3.1359699e-14 
3.690888e-10 3.1221648e-14 
3.790292e-10 3.1018302e-14 
3.563575e-10 3.1104999e-14 
3.790017e-10 3.1108176e-14 
3.815867e-10 3.1253994e-14 
3.592123e-10 3.1200363e-14 
3.846476e-10 3.0902373e-14 
3.528488e-10 3.0993975e-14 
3.928055e-10 3.1084182e-14 
3.537433e-10 3.1195647e-14 
3.909108e-10 3.1084749e-14 
3.797075e-10 3.1178295e-14 
3.604709e-10 3.1223394e-14 
3.651586e-10 3.1083174e-14 
3.769467e-10 3.1104891e-14 
3.765422e-10 3.106224e-14 
3.808053e-10 3.1193199e-14 
4.078796e-10 3.1092102e-14 
3.65785e-10 3.1312611e-14 
3.738237e-10 3.1007574e-14 
3.5117e-10 3.1337505e-14 
3.849409e-10 3.1184838e-14 
3.78988e-10 3.1324149e-14 
3.969368e-10 3.1024242e-14 
3.913852e-10 3.1031451e-14 
3.819275e-10 3.1309443e-14 
3.791007e-10 3.0993741e-14 
3.572584e-10 3.1097259e-14 
3.588952e-10 3.1089447e-14 
4.003364e-10 3.1035681e-14 
3.721776e-10 3.1098582e-14 
3.708595e-10 3.1190868e-14 
3.71844e-10 3.0988404e-14 
3.793254e-10 3.1281885e-14 
3.701898e-10 3.1044681e-14 
3.759563e-10 3.1205007e-14 
3.508481e-10 3.1239459e-14 
3.526679e-10 3.1048776e-14 
3.634571e-10 3.097071e-14 
3.798621e-10 3.1096341e-14 
4.045808e-10 3.1202064e-14 
3.733518e-10 3.1011363e-14 
3.670063e-10 3.0990393e-14 
3.523165e-10 3.1071303e-14 
4.078797e-10 3.1209309e-14 
3.683928e-10 3.1287636e-14 
3.539348e-10 3.0980403e-14 
3.404939e-10 3.1244265e-14 
3.69727e-10 3.1198797e-14 
3.637623e-10 3.1000734e-14 
3.7833e-10 3.0849318e-14 
3.76546e-10 3.0948408e-14 
3.465162e-10 3.0996126e-14 
4.0094e-10 3.1093182e-14 
3.636368e-10 3.1303953e-14 
3.719724e-10 3.0948606e-14 
3.872655e-10 3.1191156e-14 
3.341389e-10 3.115557e-14 
3.666303e-10 3.1046724e-14 
3.861267e-10 3.0888216e-14 
3.813822e-10 3.1243518e-14 
3.66025e-10 3.1200246e-14 
4.053061e-10 3.0974067e-14 
3.774773e-10 3.1209147e-14 
3.578417e-10 3.106881e-14 
3.751406e-10 3.1405221e-14 
3.476161e-10 3.1122018e-14 
3.677916e-10 3.1056426e-14 
4.192355e-10 3.1102641e-14 
3.831519e-10 3.1023027e-14 
3.52652e-10 3.0972006e-14 
3.546366e-10 3.0991905e-14 
3.708834e-10 3.1085109e-14 
3.837186e-10 3.1234473e-14 
3.96971e-10 3.1219812e-14 
3.506151e-10 3.0793014e-14 
3.924223e-10 3.1341321e-14 
3.735238e-10 3.1055706e-14 
3.915067e-10 3.1276638e-14 
3.86731e-10 3.1055175e-14 
3.91098e-10 3.123315e-14 
3.835661e-10 3.1102245e-14 
3.749593e-10 3.0942882e-14 
3.805084e-10 3.0784536e-14 
3.741103e-10 3.1232619e-14 
3.835142e-10 3.0872709e-14 
3.760291e-10 3.1030938e-14 
3.943625e-10 3.1086639e-14 
3.667145e-10 3.1062591e-14 
3.816744e-10 3.1137705e-14 
3.733889e-10 3.1220172e-14 
3.585051e-10 3.1110399e-14 
3.762594e-10 3.0872475e-14 
3.790535e-10 3.1062573e-14 
3.842715e-10 3.1010733e-14 
3.722251e-10 3.0962349e-14 
3.913508e-10 3.1047939e-14 
3.956221e-10 3.1021821e-14 
3.623702e-10 3.1214781e-14 
3.682577e-10 3.1016799e-14 
3.900025e-10 3.1087179e-14 
3.599912e-10 3.1028634e-14 
3.824874e-10 3.105441e-14 
3.720063e-10 3.1205943e-14 
4.031869e-10 3.1135104e-14 
3.756283e-10 3.1181373e-14 
3.802487e-10 3.1034862e-14 
3.778758e-10 3.0805236e-14 
3.915782e-10 3.136374e-14 
3.602114e-10 3.1107861e-14 
3.861815e-10 3.1115997e-14 
3.65497e-10 3.1066281e-14 
3.692253e-10 3.1026114e-14 
3.822263e-10 3.0892545e-14 
3.72694e-10 3.1158189e-14 
3.570309e-10 3.1119039e-14 
3.93972e-10 3.1246533e-14 
3.698885e-10 3.0955599e-14 
3.54141e-10 3.1245696e-14 
3.730909e-10 3.0903606e-14 
3.514123e-10 3.1048542e-14 
3.602268e-10 3.1222008e-14 
3.636699e-10 3.0820734e-14 
3.646011e-10 3.1209534e-14 
3.559411e-10 3.1129308e-14 
3.731432e-10 3.1158549e-14 
3.784786e-10 3.1065462e-14 
3.366624e-10 3.1205079e-14 
3.640437e-10 3.1007349e-14 
3.467855e-10 3.1090419e-14 
3.797571e-10 3.1258755e-14 
3.774068e-10 3.0959811e-14 
3.801506e-10 3.0944394e-14 
3.698922e-10 3.1084794e-14 
3.709076e-10 3.1022739e-14 
3.77781e-10 3.1186458e-14 
3.86412e-10 3.1227651e-14 
3.924383e-10 3.1228659e-14 
3.657371e-10 3.094839e-14 
3.702336e-10 3.1070844e-14 
3.944896e-10 3.1116582e-14 
3.949239e-10 3.0870855e-14 
3.852262e-10 3.1220829e-14 
3.497714e-10 3.0868443e-14 
3.865237e-10 3.1006908e-14 
3.76767e-10 3.1201425e-14 
3.776885e-10 3.1005297e-14 
3.98779e-10 3.1209588e-14 
3.405643e-10 3.1140864e-14 
3.742061e-10 3.1044069e-14 
3.944338e-10 3.11589e-14 
3.786856e-10 3.1029813e-14 
3.872604e-10 3.1330512e-14 
3.885392e-10 3.0879837e-14 
3.785198e-10 3.1095414e-14 
3.77451e-10 3.1010571e-14 
3.766507e-10 3.1087161e-14 
3.704365e-10 3.0892779e-14 
4.064952e-10 3.0890043e-14 
3.603751e-10 3.1291344e-14 
3.625754e-10 3.1099725e-14 
3.812895e-10 3.0873294e-14 
3.692583e-10 3.1395987e-14 
4.014573e-10 3.0912498e-14 
3.548944e-10 3.1097835e-14 
3.559736e-10 3.1157244e-14 
3.777519e-10 3.115008e-14 
3.82151e-10 3.1207302e-14 
3.61045e-10 3.1126455e-14 
3.506063e-10 3.1084614e-14 
3.773713e-10 3.1195557e-14 
3.72528e-10 3.1062915e-14 
3.773299e-10 3.1148838e-14 
3.781938e-10 3.1129155e-14 
4.084376e-10 3.1128696e-14 
3.68323e-10 3.0951774e-14 
3.592257e-10 3.1066911e-14 
3.541556e-10 3.133071e-14 
3.565257e-10 3.110742e-14 
3.571975e-10 3.081672e-14 
3.629078e-10 3.1061295e-14 
3.576938e-10 3.1048659e-14 
3.704787e-10 3.1200534e-14 
3.453152e-10 3.1044897e-14 
3.891903e-10 3.1099662e-14 
3.820776e-10 3.1133376e-14 
3.679762e-10 3.1043007e-14 
4.013378e-10 3.1215852e-14 
3.832763e-10 3.1205133e-14 
3.760829e-10 3.1264236e-14 
3.806882e-10 3.1031838e-14 
3.794918e-10 3.0869946e-14 
3.818866e-10 3.0989394e-14 
3.70195e-10 3.1136346e-14 
3.520546e-10 3.1136454e-14 
3.540357e-10 3.1088556e-14 
3.967671e-10 3.0887622e-14 
3.465177e-10 3.1179348e-14 
3.704632e-10 3.1078314e-14 
3.919155e-10 3.0857238e-14 
3.68162e-10 3.1011876e-14 
3.599992e-10 3.1210011e-14 
3.881944e-10 3.0983796e-14 
3.749564e-10 3.1124529e-14 
3.837654e-10 3.1182039e-14 
3.844182e-10 3.1089258e-14 
3.989815e-10 3.1047156e-14 
3.621064e-10 3.1137318e-14 
3.722394e-10 3.107619e-14 
3.792157e-10 3.1156578e-14 
4.065697e-10 3.1045581e-14 
3.657178e-10 3.1332609e-14 
3.513701e-10 3.0977352e-14 
3.475684e-10 3.1023909e-14 
3.727234e-10 3.0894201e-14 
3.60103e-10 3.1049433e-14 
3.738525e-10 3.1106916e-14 
3.778525e-10 3.1132161e-14 
3.530908e-10 3.1103748e-14 
4.039002e-10 3.1075002e-14 
3.607806e-10 3.1063842e-14 
3.824837e-10 3.1128489e-14 
3.795185e-10 3.1244328e-14 
4.07465e-10 3.106953e-14 
3.781124e-10 3.1162257e-14 
4.047313e-10 3.1158279e-14 
3.887586e-10 3.1055571e-14 
3.596288e-10 3.1069863e-14 
3.44429e-10 3.1123179e-14 
3.602476e-10 3.1029534e-14 
3.714612e-10 3.1031145e-14 
3.759491e-10 3.111759e-14 
3.794859e-10 3.0924063e-14 
3.721154e-10 3.1169655e-14 
3.762614e-10 3.1299165e-14 
3.752907e-10 3.1088637e-14 
3.703214e-10 3.110391e-14 
3.792632e-10 3.1031361e-14 
3.650266e-10 3.1060953e-14 
3.348204e-10 3.1065633e-14 
3.875458e-10 3.1237965e-14 
3.626044e-10 3.1178907e-14 
3.833442e-10 3.1029057e-14 
3.62368e-10 3.1157244e-14 
3.62111e-10 3.1477176e-14 
3.761282e-10 3.1057524e-14 
3.516223e-10 3.1111938e-14 
3.73037e-10 3.1190319e-14 
3.839917e-10 3.1327479e-14 
3.767766e-10 3.1201164e-14 
3.544948e-10 3.1089798e-14 
3.80582e-10 3.1095972e-14 
3.82741e-10 3.1105152e-14 
3.684907e-10 3.0921579e-14 
3.70431e-10 3.1292604e-14 
3.843938e-10 3.1018374e-14 
3.916276e-10 3.1060917e-14 
3.500648e-10 3.1097979e-14 
3.809136e-10 3.1100463e-14 
3.582175e-10 3.1132188e-14 
3.71129e-10 3.1284198e-14 
3.791891e-10 3.1244913e-14 
4.053061e-10 3.0974067e-14 
3.973354e-10 3.1051755e-14 
3.548431e-10 3.1113864e-14 
3.796332e-10 3.1098888e-14 
3.460992e-10 3.1237344e-14 
3.651637e-10 3.0980457e-14 
3.831145e-10 3.1003452e-14 
3.704919e-10 3.0977901e-14 
3.47786e-10 3.1153158e-14 
3.729033e-10 3.1105098e-14 
3.91664e-10 3.1013703e-14 
3.665847e-10 3.094785e-14 
3.861599e-10 3.1250277e-14 
3.897152e-10 3.1194666e-14 
3.534539e-10 3.1073157e-14 
3.78756e-10 3.1084749e-14 
3.759206e-10 3.0922758e-14 
3.586908e-10 3.1148271e-14 
3.736401e-10 3.1199634e-14 
3.690826e-10 3.0963618e-14 
3.913801e-10 3.101868e-14 
3.860671e-10 3.1207572e-14 
3.68902e-10 3.0866436e-14 
4.041159e-10 3.1220667e-14 
3.500429e-10 3.1060854e-14 
3.575854e-10 3.1134744e-14 
3.649661e-10 3.1363218e-14 
3.770156e-10 3.1063338e-14 
3.812655e-10 3.1106817e-14 
3.826326e-10 3.0950307e-14 
3.692944e-10 3.1074255e-14 
3.971247e-10 3.0934539e-14 
3.737361e-10 3.1094712e-14 
3.763912e-10 3.1040685e-14 
3.795226e-10 3.1105449e-14 
3.719688e-10 3.1113792e-14 
3.648755e-10 3.1227309e-14 
3.582633e-10 3.1151358e-14 
3.56145e-10 3.0887775e-14 
3.84535e-10 3.1061853e-14 
3.685849e-10 3.1124826e-14 
3.912016e-10 3.1182858e-14 
3.502539e-10 3.1040676e-14 
3.752129e-10 3.1088367e-14 
3.833818e-10 3.1148469e-14 
3.935983e-10 3.1251681e-14 
3.631192e-10 3.1168485e-14 
3.55331e-10 3.1110417e-14 
3.788574e-10 3.0999339e-14 
3.878769e-10 3.1159314e-14 
3.688485e-10 3.1075488e-14 
3.653653e-10 3.0815946e-14 
3.789746e-10 3.1279266e-14 
3.552786e-10 3.115332e-14 
3.418896e-10 3.1185378e-14 
3.623824e-10 3.0931389e-14 
3.753072e-10 3.1345695e-14 
3.93458e-10 3.1091499e-14 
3.731215e-10 3.1121154e-14 
3.599592e-10 3.0858642e-14 
3.892831e-10 3.0969252e-14 
3.530995e-10 3.093768e-14 
3.806882e-10 3.1031838e-14 
3.605367e-10 3.1135599e-14 
3.612594e-10 3.107934e-14 
3.741715e-10 3.1100049e-14 
3.71954e-10 3.1189374e-14 
4.157339e-10 3.1089672e-14 
3.688215e-10 3.1107897e-14 
3.722104e-10 3.1070142e-14 
3.721868e-10 3.0924225e-14 
3.834414e-10 3.0950703e-14 
3.700872e-10 3.0941883e-14 
3.791929e-10 3.1214061e-14 
3.656183e-10 3.1041171e-14 
3.69965e-10 3.1270671e-14 
3.713508e-10 3.1241241e-14 
3.617621e-10 3.1023279e-14 
3.692455e-10 3.1254831e-14 
3.608636e-10 3.1145454e-14 
3.598618e-10 3.1126356e-14 
3.897132e-10 3.1197015e-14 
3.581135e-10 3.1067937e-14 
3.970175e-10 3.1040901e-14 
3.624157e-10 3.1122855e-14 
3.872207e-10 3.0991311e-14 
3.688525e-10 3.1115772e-14 
3.836147e-10 3.1142169e-14 
3.972685e-10 3.1200615e-14 
3.631344e-10 3.0868209e-14 
3.58801e-10 3.1133052e-14 
3.684944e-10 3.1068909e-14 
3.680123e-10 3.117708e-14 
3.812652e-10 3.1072743e-14 
3.699906e-10 3.1211199e-14 
3.562273e-10 3.1467465e-14 
3.876437e-10 3.0972186e-14 
3.919787e-10 3.1056705e-14 
3.550744e-10 3.1063599e-14 
3.497041e-10 3.1110903e-14 
3.692901e-10 3.115719e-14 
3.581808e-10 3.0927204e-14 
3.612355e-10 3.1028499e-14 
3.600516e-10 3.1121712e-14 
3.515527e-10 3.1099761e-14 
3.882438e-10 3.1128129e-14 
3.8316e-10 3.1135968e-14 
3.616696e-10 3.0883014e-14 
3.695504e-10 3.1171887e-14 
3.551925e-10 3.1281984e-14 
3.705378e-10 3.0999816e-14 
3.738523e-10 3.0953142e-14 
3.730119e-10 3.1019085e-14 
3.775521e-10 3.1082076e-14 
3.819776e-10 3.1324896e-14 
3.458789e-10 3.1298715e-14 
3.807431e-10 3.086001e-14 
3.609224e-10 3.1058343e-14 
3.977105e-10 3.1246038e-14 
3.76812e-10 3.1077567e-14 
3.801066e-10 3.1338639e-14 
3.436584e-10 3.1250268e-14 
3.74061e-10 3.0961647e-14 
3.795173e-10 3.1046931e-14 
3.79636e-10 3.1299507e-14 
3.920126e-10 3.0982869e-14 
3.524177e-10 3.1127364e-14 
3.689248e-10 3.1177755e-14 
3.701503e-10 3.1096881e-14 
3.631958e-10 3.1183479e-14 
3.713593e-10 3.1188717e-14 
3.758719e-10 3.11346e-14 
3.89751e-10 3.1154778e-14 
3.448182e-10 3.1195791e-14 
3.595986e-10 3.1135617e-14 
3.581852e-10 3.1402206e-14 
3.901939e-10 3.1176612e-14 
3.575237e-10 3.1360455e-14 
3.630735e-10 3.1070601e-14 
3.867845e-10 3.1009617e-14 
3.697528e-10 3.0748374e-14 
3.766596e-10 3.114531e-14 
3.837611e-10 3.1211766e-14 
3.815338e-10 3.1221774e-14 
3.700732e-10 3.1026249e-14 
3.663672e-10 3.1225041e-14 
3.820709e-10 3.1369545e-14 
3.781832e-10 3.1064976e-14 
3.826893e-10 3.1140207e-14 
3.798902e-10 3.1106394e-14 
3.693749e-10 3.1039839e-14 
3.796555e-10 3.1103406e-14 
3.692616e-10 3.1208562e-14 
3.641816e-10 3.1008789e-14 
3.826678e-10 3.1106304e-14 
3.59503e-10 3.1147875e-14 
3.721021e-10 3.100986e-14 
3.553678e-10 3.0996252e-14 
3.635719e-10 3.1078782e-14 
3.832934e-10 3.0922947e-14 
3.782369e-10 3.1045545e-14 
3.629509e-10 3.1190238e-14 
3.673127e-10 3.1031577e-14 
3.699964e-10 3.1006269e-14 
3.785589e-10 3.09861e-14 
3.84965e-10 3.0950271e-14 
3.651421e-10 3.0936348e-14 
3.727376e-10 3.0983499e-14 
3.685391e-10 3.0956544e-14 
3.739671e-10 3.1248882e-14 
3.731887e-10 3.090186e-14 
3.585686e-10 3.1024539e-14 
3.706821e-10 3.1078026e-14 
3.721409e-10 3.1051602e-14 
3.709388e-10 3.1201776e-14 
3.980476e-10 3.1243878e-14 
3.701461e-10 3.1073463e-14 
3.680677e-10 3.0920976e-14 
3.562899e-10 3.1236057e-14 
3.719548e-10 3.1288284e-14 
3.702473e-10 3.099078e-14 
3.617239e-10 3.0990501e-14 
3.761098e-10 3.1287591e-14 
3.547815e-10 3.1056669e-14 
3.551169e-10 3.1245255e-14 
3.613669e-10 3.1110003e-14 
3.622127e-10 3.1033728e-14 
3.66274e-10 3.1145859e-14 
3.645196e-10 3.1054599e-14 
3.99348e-10 3.1179735e-14 
3.825546e-10 3.1080744e-14 
3.613976e-10 3.1037706e-14 
3.708212e-10 3.126888e-14 
3.808817e-10 3.1148622e-14 
3.553266e-10 3.1114476e-14 
3.647338e-10 3.1015512e-14 
3.743039e-10 3.1061862e-14 
3.612594e-10 3.107934e-14 
3.73659e-10 3.105126e-14 
3.561075e-10 3.0974022e-14 
3.618639e-10 3.1124988e-14 
3.516269e-10 3.1107438e-14 
3.488747e-10 3.1225131e-14 
3.636685e-10 3.1153023e-14 
3.812644e-10 3.107421e-14 
3.814339e-10 3.1109643e-14 
3.783326e-10 3.1068405e-14 
3.73848e-10 3.1016736e-14 
3.565151e-10 3.1098663e-14 
3.751476e-10 3.0973779e-14 
3.56204e-10 3.0973041e-14 
3.595355e-10 3.1222656e-14 
3.736068e-10 3.0974364e-14 
3.833166e-10 3.1170771e-14 
3.690127e-10 3.1081653e-14 
3.897151e-10 3.1197699e-14 
3.628222e-10 3.102561e-14 
3.959914e-10 3.1194747e-14 
3.8831e-10 3.131136e-14 
3.790189e-10 3.0985164e-14 
3.879103e-10 3.113136e-14 
3.67651e-10 3.1028418e-14 
3.696197e-10 3.1049685e-14 
3.578744e-10 3.1231197e-14 
3.573448e-10 3.1034214e-14 
3.688044e-10 3.1305618e-14 
3.892987e-10 3.105324e-14 
3.85632e-10 3.0970791e-14 
3.863094e-10 3.0923838e-14 
3.789662e-10 3.1150305e-14 
3.720643e-10 3.117357e-14 
3.757672e-10 3.1066812e-14 
3.599727e-10 3.0849156e-14 
3.482548e-10 3.1179456e-14 
3.613041e-10 3.0891753e-14 
3.689836e-10 3.1206663e-14 
3.82017e-10 3.1196907e-14 
3.997378e-10 3.1055616e-14 
3.632955e-10 3.1025979e-14 
3.757412e-10 3.1165893e-14 
3.880172e-10 3.0956526e-14 
3.62948e-10 3.1323456e-14 
3.79395e-10 3.1109193e-14 
3.884484e-10 3.0904713e-14 
3.717589e-10 3.1136139e-14 
3.69812e-10 3.094812e-14 
3.964266e-10 3.108105e-14 
3.766367e-10 3.1221243e-14 
3.487835e-10 3.1087386e-14 
3.917383e-10 3.1114089e-14 
3.629582e-10 3.1082265e-14 
3.535061e-10 3.1018878e-14 
3.763543e-10 3.1097619e-14 
3.823557e-10 3.1140738e-14 
3.737533e-10 3.1088664e-14 
3.686471e-10 3.1095378e-14 
3.610662e-10 3.1263525e-14 
3.81957e-10 3.1181589e-14 
4.013378e-10 3.1215852e-14 
3.761122e-10 3.0997332e-14 
3.575804e-10 3.1027194e-14 
3.675824e-10 3.1007781e-14 
3.677156e-10 3.1100544e-14 
3.659731e-10 3.1205727e-14 
3.741432e-10 3.1134654e-14 
3.746993e-10 3.1246947e-14 
3.640519e-10 3.1510764e-14 
3.797571e-10 3.1258755e-14 
3.614971e-10 3.122739e-14 
3.790493e-10 3.1025988e-14 
3.725896e-10 3.1025223e-14 
3.826149e-10 3.1121334e-14 
3.919944e-10 3.0960936e-14 
3.861289e-10 3.1265739e-14 
3.712544e-10 3.117096e-14 
3.759213e-10 3.1201407e-14 
3.858559e-10 3.1060152e-14 
3.847442e-10 3.0944295e-14 
3.738374e-10 3.1168413e-14 
3.995993e-10 3.1188447e-14 
3.902764e-10 3.1093713e-14 
3.752692e-10 3.1022199e-14 
4.021135e-10 3.1352049e-14 
3.660861e-10 3.1198077e-14 
3.713642e-10 3.0913677e-14 
3.749172e-10 3.1107681e-14 
3.840394e-10 3.0911283e-14 
3.981557e-10 3.1272453e-14 
3.624423e-10 3.0858489e-14 
3.768358e-10 3.127086e-14 
3.552739e-10 3.1048533e-14 
3.677236e-10 3.1084434e-14 
3.940962e-10 3.1090239e-14 
3.634381e-10 3.1233978e-14 
3.703078e-10 3.0994434e-14 
3.637573e-10 3.0978342e-14 
3.815821e-10 3.0999339e-14 
3.543896e-10 3.1023693e-14 
3.883421e-10 3.0920715e-14 
3.731151e-10 3.1164822e-14 
3.782836e-10 3.1085217e-14 
3.77099e-10 3.1009833e-14 
3.660271e-10 3.0938067e-14 
3.723796e-10 3.1001094e-14 
3.815946e-10 3.1072185e-14 
3.848675e-10 3.1039461e-14 
3.798533e-10 3.1318839e-14 
3.74767e-10 3.1139037e-14 
4.011117e-10 3.1247838e-14 
4.080161e-10 3.1077162e-14 
3.525548e-10 3.1270347e-14 
3.705805e-10 3.126663e-14 
3.744907e-10 3.1191561e-14 
3.510148e-10 3.1129551e-14 
3.464994e-10 3.0885327e-14 
3.788387e-10 3.1109076e-14 
3.669925e-10 3.1053942e-14 
3.491583e-10 3.0972798e-14 
3.641341e-10 3.1062177e-14 
3.62702e-10 3.1085667e-14 
3.673485e-10 3.1231674e-14 
3.742242e-10 3.1030335e-14 
3.809921e-10 3.103767e-14 
3.748094e-10 3.1146192e-14 
3.766447e-10 3.130929e-14 
3.697829e-10 3.1287663e-14 
3.663545e-10 3.1070331e-14 
3.636426e-10 3.100554e-14 
3.590115e-10 3.1167738e-14 
3.75497e-10 3.1330809e-14 
3.756698e-10 3.0981474e-14 
3.68511e-10 3.1118427e-14 
3.71954e-10 3.1189374e-14 
3.840549e-10 3.1144167e-14 
3.648013e-10 3.1153788e-14 
3.764291e-10 3.1017951e-14 
3.700532e-10 3.1097331e-14 
3.811462e-10 3.1143618e-14 
3.823277e-10 3.1014234e-14 
4.075663e-10 3.1298499e-14 
3.548622e-10 3.1171014e-14 
3.729072e-10 3.1045167e-14 
3.762848e-10 3.1373118e-14 
3.8283e-10 3.1160538e-14 
3.588963e-10 3.1112595e-14 
3.657688e-10 3.1442427e-14 
3.495818e-10 3.1064472e-14 
3.678954e-10 3.1108977e-14 
3.629415e-10 3.0922308e-14 
3.690923e-10 3.104874e-14 
3.727408e-10 3.096405e-14 
3.52278e-10 3.0816603e-14 
3.882298e-10 3.0962232e-14 
3.736181e-10 3.0958389e-14 
3.778247e-10 3.1041315e-14 
3.596954e-10 3.1276881e-14 
3.838063e-10 3.116952e-14 
3.584048e-10 3.0966372e-14 
3.572956e-10 3.1047732e-14 
3.806739e-10 3.0965841e-14 
3.790079e-10 3.1147092e-14 
3.799331e-10 3.0982986e-14 
3.688948e-10 3.1196961e-14 
3.695188e-10 3.1157145e-14 
3.571645e-10 3.0990978e-14 
3.641794e-10 3.1065939e-14 
3.788449e-10 3.1130235e-14 
3.655971e-10 3.1270131e-14 
3.70608e-10 3.1252734e-14 
3.512183e-10 3.1203954e-14 
3.497139e-10 3.1189014e-14 
3.724491e-10 3.1129083e-14 
3.624016e-10 3.1030668e-14 
3.532461e-10 3.0955707e-14 
3.893395e-10 3.1076406e-14 
3.766284e-10 3.1005594e-14 
3.657928e-10 3.1037805e-14 
3.728061e-10 3.1003425e-14 
3.659236e-10 3.1223934e-14 
3.826224e-10 3.0946455e-14 
3.703168e-10 3.113991e-14 
3.614682e-10 3.0868218e-14 
3.987242e-10 3.1087935e-14 
3.631003e-10 3.0986937e-14 
3.951893e-10 3.1071393e-14 
3.819309e-10 3.1111722e-14 
3.79325e-10 3.106764e-14 
3.722052e-10 3.1064301e-14 
3.598734e-10 3.1195764e-14 
3.820776e-10 3.1133376e-14 
3.795157e-10 3.1091427e-14 
3.838073e-10 3.1011453e-14 
3.811325e-10 3.1160124e-14 
3.715936e-10 3.1045284e-14 
3.576159e-10 3.1270491e-14 
