3.000711e-10 3.1916853e-14 
2.783333e-10 3.1937985e-14 
2.73329e-10 3.1788927e-14 
2.706733e-10 3.181041e-14 
2.710358e-10 3.1645638e-14 
2.941155e-10 3.1997412e-14 
2.918704e-10 3.1775175e-14 
2.913073e-10 3.1981419e-14 
2.835455e-10 3.1786479e-14 
2.791904e-10 3.1811148e-14 
2.745955e-10 3.1759236e-14 
2.748733e-10 3.1640067e-14 
2.921505e-10 3.2091336e-14 
2.725165e-10 3.1829022e-14 
2.738785e-10 3.1644342e-14 
2.780854e-10 3.200571e-14 
2.952176e-10 3.1678362e-14 
2.879898e-10 3.1898142e-14 
2.851816e-10 3.194271e-14 
2.832593e-10 3.1648131e-14 
2.781647e-10 3.1847175e-14 
2.808143e-10 3.1656537e-14 
2.784128e-10 3.1923045e-14 
2.924392e-10 3.1858371e-14 
2.753064e-10 3.175866e-14 
2.811136e-10 3.189708e-14 
2.789855e-10 3.1879269e-14 
2.723741e-10 3.1929309e-14 
2.934599e-10 3.1783644e-14 
2.807309e-10 3.1901013e-14 
2.780714e-10 3.1818258e-14 
2.821062e-10 3.1808232e-14 
2.703208e-10 3.1977999e-14 
2.963535e-10 3.1629834e-14 
2.785993e-10 3.1776516e-14 
2.672975e-10 3.1887351e-14 
2.760241e-10 3.1755465e-14 
2.912442e-10 3.2015448e-14 
2.776397e-10 3.164292e-14 
2.633815e-10 3.176352e-14 
2.739213e-10 3.198501e-14 
2.802473e-10 3.1845798e-14 
2.783973e-10 3.1654638e-14 
2.718923e-10 3.196215e-14 
2.724455e-10 3.1878558e-14 
2.827973e-10 3.1848714e-14 
2.79992e-10 3.1598739e-14 
2.741132e-10 3.1794552e-14 
2.80558e-10 3.196512e-14 
2.733649e-10 3.1596129e-14 
2.796647e-10 3.1771071e-14 
2.750455e-10 3.1858155e-14 
2.814014e-10 3.1851522e-14 
2.742636e-10 3.1865013e-14 
2.853311e-10 3.1760541e-14 
2.734535e-10 3.1944042e-14 
2.826328e-10 3.1774707e-14 
2.997416e-10 3.2200101e-14 
2.646697e-10 3.1821516e-14 
2.894009e-10 3.1904631e-14 
2.821897e-10 3.1862745e-14 
2.747663e-10 3.1732371e-14 
2.990716e-10 3.1797828e-14 
2.742119e-10 3.1943007e-14 
2.866307e-10 3.1720428e-14 
2.773881e-10 3.1999635e-14 
2.805017e-10 3.1445127e-14 
2.735581e-10 3.2053923e-14 
2.814088e-10 3.1956732e-14 
2.909704e-10 3.1857669e-14 
2.992419e-10 3.1858794e-14 
2.890956e-10 3.2093775e-14 
2.728582e-10 3.175893e-14 
2.743149e-10 3.1791483e-14 
2.729751e-10 3.1666302e-14 
3.000608e-10 3.1750173e-14 
2.863032e-10 3.1910121e-14 
2.722112e-10 3.1747221e-14 
2.611936e-10 3.1784949e-14 
2.875492e-10 3.1886109e-14 
2.80132e-10 3.1776624e-14 
2.851313e-10 3.1926546e-14 
2.847381e-10 3.211146e-14 
2.858195e-10 3.177684e-14 
2.680709e-10 3.198033e-14 
2.92026e-10 3.1881375e-14 
2.713582e-10 3.1720653e-14 
2.718876e-10 3.1813767e-14 
2.772243e-10 3.1806738e-14 
2.809511e-10 3.1744323e-14 
2.644006e-10 3.1530492e-14 
2.798436e-10 3.1954671e-14 
2.734736e-10 3.1573107e-14 
2.702716e-10 3.1804452e-14 
2.8145e-10 3.1829013e-14 
2.724937e-10 3.203829e-14 
2.919022e-10 3.1859037e-14 
2.803422e-10 3.1880079e-14 
2.770033e-10 3.1866318e-14 
2.813206e-10 3.2024358e-14 
2.775406e-10 3.1811139e-14 
2.837001e-10 3.2021532e-14 
2.933933e-10 3.1875561e-14 
2.795782e-10 3.1745079e-14 
2.727478e-10 3.1738572e-14 
2.777428e-10 3.1834359e-14 
3.000529e-10 3.2176386e-14 
2.647406e-10 3.1826493e-14 
2.869129e-10 3.1592016e-14 
2.953193e-10 3.1749561e-14 
2.549906e-10 3.1834017e-14 
2.793314e-10 3.1610268e-14 
2.814767e-10 3.1923306e-14 
2.788959e-10 3.1851945e-14 
2.760806e-10 3.1549986e-14 
2.859177e-10 3.1597155e-14 
2.686585e-10 3.173922e-14 
2.743717e-10 3.1913604e-14 
2.753958e-10 3.1919769e-14 
2.738524e-10 3.1768542e-14 
3.009019e-10 3.1755762e-14 
2.632401e-10 3.1648212e-14 
2.682364e-10 3.1731813e-14 
2.746083e-10 3.1766319e-14 
2.90811e-10 3.2178906e-14 
2.874704e-10 3.172752e-14 
2.801827e-10 3.1932819e-14 
2.650868e-10 3.1926528e-14 
2.915141e-10 3.1898304e-14 
2.894144e-10 3.1878504e-14 
2.799665e-10 3.1575204e-14 
2.829029e-10 3.1977108e-14 
2.878127e-10 3.1796037e-14 
2.723984e-10 3.1892706e-14 
2.830139e-10 3.1741965e-14 
2.636457e-10 3.1835376e-14 
2.694323e-10 3.1690125e-14 
2.726061e-10 3.1808214e-14 
2.703908e-10 3.1786344e-14 
2.942744e-10 3.2030712e-14 
2.720456e-10 3.2109984e-14 
2.8104e-10 3.2012577e-14 
2.737818e-10 3.20742e-14 
2.65928e-10 3.1593933e-14 
2.803746e-10 3.1815675e-14 
2.796793e-10 3.1953978e-14 
2.803005e-10 3.2126616e-14 
2.833506e-10 3.185694e-14 
2.745422e-10 3.1753728e-14 
2.907431e-10 3.1926465e-14 
2.998174e-10 3.1625595e-14 
2.870339e-10 3.1864482e-14 
2.892512e-10 3.1697478e-14 
2.62691e-10 3.1689873e-14 
2.707772e-10 3.1864779e-14 
2.761926e-10 3.1970403e-14 
2.662825e-10 3.1792041e-14 
2.852569e-10 3.1691691e-14 
2.819447e-10 3.1970844e-14 
2.8291e-10 3.1799745e-14 
2.740958e-10 3.1991787e-14 
2.690065e-10 3.2056659e-14 
2.893422e-10 3.1568607e-14 
2.669503e-10 3.1733181e-14 
2.791045e-10 3.1829967e-14 
2.833486e-10 3.1863933e-14 
3.046179e-10 3.1742181e-14 
2.778766e-10 3.1798674e-14 
2.78644e-10 3.1911975e-14 
2.882929e-10 3.1784157e-14 
2.752952e-10 3.1779864e-14 
2.869481e-10 3.1902678e-14 
2.897643e-10 3.1781502e-14 
2.74015e-10 3.2062788e-14 
2.814743e-10 3.1790304e-14 
2.844908e-10 3.2055237e-14 
2.733025e-10 3.1903137e-14 
2.905179e-10 3.1638132e-14 
2.597616e-10 3.1793868e-14 
2.822245e-10 3.1785489e-14 
2.956863e-10 3.1856337e-14 
2.825799e-10 3.2067297e-14 
2.8437e-10 3.1807287e-14 
2.723817e-10 3.1759731e-14 
2.941571e-10 3.2000796e-14 
2.791895e-10 3.1802022e-14 
2.837002e-10 3.1702635e-14 
2.704799e-10 3.1731444e-14 
2.844936e-10 3.1797414e-14 
2.671534e-10 3.1842522e-14 
2.72547e-10 3.1655511e-14 
2.717231e-10 3.1809123e-14 
2.626651e-10 3.1688721e-14 
2.826656e-10 3.1772403e-14 
2.762277e-10 3.1766463e-14 
2.957157e-10 3.1960782e-14 
2.822989e-10 3.1969467e-14 
2.692733e-10 3.1701888e-14 
2.787162e-10 3.1740507e-14 
2.889728e-10 3.1906458e-14 
2.584632e-10 3.1809465e-14 
3.012492e-10 3.1787982e-14 
2.816344e-10 3.2055183e-14 
2.8992e-10 3.1918986e-14 
2.784919e-10 3.1702275e-14 
2.756211e-10 3.1976262e-14 
2.847463e-10 3.1729491e-14 
2.791627e-10 3.1913181e-14 
2.853111e-10 3.1783914e-14 
2.874254e-10 3.1719924e-14 
2.82039e-10 3.1820985e-14 
2.773587e-10 3.1895631e-14 
2.732117e-10 3.1876695e-14 
2.690424e-10 3.1852737e-14 
2.754001e-10 3.176568e-14 
2.878321e-10 3.173049e-14 
2.868611e-10 3.180897e-14 
2.775297e-10 3.1955391e-14 
2.948781e-10 3.1756725e-14 
2.80848e-10 3.2138037e-14 
2.843693e-10 3.1566267e-14 
2.834491e-10 3.1782924e-14 
2.65515e-10 3.1888656e-14 
2.737805e-10 3.1536189e-14 
2.586407e-10 3.1677336e-14 
2.769613e-10 3.1841775e-14 
2.72168e-10 3.2231727e-14 
2.710229e-10 3.1591089e-14 
2.820203e-10 3.1866498e-14 
2.734462e-10 3.1844772e-14 
2.779154e-10 3.1737123e-14 
2.69558e-10 3.1718484e-14 
2.703981e-10 3.1861386e-14 
2.882611e-10 3.1759074e-14 
2.889074e-10 3.1844907e-14 
2.809103e-10 3.1920309e-14 
2.923285e-10 3.1928112e-14 
2.594396e-10 3.1895901e-14 
2.777594e-10 3.182058e-14 
2.758222e-10 3.2051187e-14 
2.685342e-10 3.1946013e-14 
2.844162e-10 3.1981446e-14 
3.013793e-10 3.2126571e-14 
2.737745e-10 3.1783896e-14 
2.888338e-10 3.175677e-14 
2.984762e-10 3.1671594e-14 
2.8916e-10 3.1496418e-14 
2.659715e-10 3.208635e-14 
2.943278e-10 3.1762431e-14 
2.984399e-10 3.1951449e-14 
2.737523e-10 3.1817376e-14 
2.721224e-10 3.1643811e-14 
2.917827e-10 3.182202e-14 
2.903376e-10 3.1726476e-14 
2.890546e-10 3.1650282e-14 
2.826569e-10 3.1802643e-14 
2.837316e-10 3.1751712e-14 
2.93079e-10 3.18429e-14 
2.497419e-10 3.1779387e-14 
2.615969e-10 3.1799988e-14 
2.682781e-10 3.1683366e-14 
2.783028e-10 3.1677723e-14 
2.802518e-10 3.2010255e-14 
2.866307e-10 3.1720428e-14 
2.999362e-10 3.1854987e-14 
2.718531e-10 3.1551291e-14 
2.934139e-10 3.1634748e-14 
2.784838e-10 3.1630221e-14 
2.842867e-10 3.1800285e-14 
2.866304e-10 3.1678821e-14 
2.789921e-10 3.1898601e-14 
2.786085e-10 3.191652e-14 
2.74275e-10 3.1926141e-14 
2.684318e-10 3.178107e-14 
2.672821e-10 3.1962105e-14 
2.822943e-10 3.1661244e-14 
2.769758e-10 3.1898097e-14 
2.863403e-10 3.2033826e-14 
2.837522e-10 3.1655934e-14 
2.85917e-10 3.1696794e-14 
2.725546e-10 3.1705488e-14 
2.677804e-10 3.1872771e-14 
2.774615e-10 3.1980897e-14 
2.707916e-10 3.1672548e-14 
2.884258e-10 3.182256e-14 
2.788223e-10 3.209616e-14 
2.676668e-10 3.1554234e-14 
2.727658e-10 3.1636008e-14 
2.833646e-10 3.1685877e-14 
2.967663e-10 3.1879854e-14 
2.789074e-10 3.1726314e-14 
2.635456e-10 3.1755438e-14 
2.974809e-10 3.190203e-14 
2.799897e-10 3.2095539e-14 
2.670244e-10 3.17835e-14 
2.985887e-10 3.1614759e-14 
2.786039e-10 3.1770801e-14 
2.907103e-10 3.1989303e-14 
2.687948e-10 3.1729275e-14 
2.889728e-10 3.1906458e-14 
2.80573e-10 3.1809582e-14 
2.76754e-10 3.1653909e-14 
2.782793e-10 3.1697145e-14 
2.735191e-10 3.2109885e-14 
2.853502e-10 3.178854e-14 
2.941153e-10 3.179574e-14 
2.688681e-10 3.1599342e-14 
2.75428e-10 3.1829301e-14 
2.876762e-10 3.1946697e-14 
2.777938e-10 3.1607937e-14 
2.873936e-10 3.2044356e-14 
3.154386e-10 3.1782285e-14 
3.006535e-10 3.1646718e-14 
2.70115e-10 3.1999329e-14 
2.850326e-10 3.1871511e-14 
2.714038e-10 3.2008104e-14 
2.956853e-10 3.1650705e-14 
2.997685e-10 3.1974588e-14 
2.830451e-10 3.2102874e-14 
2.852967e-10 3.1747167e-14 
2.825308e-10 3.2055633e-14 
2.76442e-10 3.1669236e-14 
2.840505e-10 3.1885632e-14 
2.915063e-10 3.177486e-14 
2.810343e-10 3.1807035e-14 
2.827165e-10 3.187701e-14 
2.716684e-10 3.1714164e-14 
2.68173e-10 3.181239e-14 
2.815346e-10 3.1736052e-14 
2.924143e-10 3.198042e-14 
2.633661e-10 3.1778163e-14 
2.885118e-10 3.1939434e-14 
2.660796e-10 3.1872006e-14 
2.75832e-10 3.2188671e-14 
2.722362e-10 3.2117607e-14 
2.754513e-10 3.1599414e-14 
2.760264e-10 3.2045679e-14 
2.942059e-10 3.1822002e-14 
2.870364e-10 3.1960602e-14 
2.783704e-10 3.1813551e-14 
2.770475e-10 3.1794903e-14 
2.757181e-10 3.1829283e-14 
2.681512e-10 3.1819311e-14 
2.812939e-10 3.1691277e-14 
2.911756e-10 3.1631211e-14 
2.783374e-10 3.1766544e-14 
2.695919e-10 3.1763997e-14 
2.817626e-10 3.1731228e-14 
2.971599e-10 3.1855977e-14 
2.610582e-10 3.2002596e-14 
2.905196e-10 3.1806144e-14 
2.713864e-10 3.1982427e-14 
2.712787e-10 3.1748445e-14 
2.786582e-10 3.1851351e-14 
2.752469e-10 3.2055912e-14 
2.827451e-10 3.1880097e-14 
2.720497e-10 3.1818897e-14 
2.743758e-10 3.1638627e-14 
2.749769e-10 3.1961808e-14 
2.76015e-10 3.1922793e-14 
2.936524e-10 3.1826592e-14 
2.80685e-10 3.1739715e-14 
2.84526e-10 3.1719609e-14 
2.93324e-10 3.2011731e-14 
2.694193e-10 3.1688622e-14 
2.758798e-10 3.1622166e-14 
2.833273e-10 3.1709358e-14 
2.996361e-10 3.201111e-14 
2.848713e-10 3.1673619e-14 
2.871252e-10 3.1739328e-14 
2.72886e-10 3.1841541e-14 
2.677486e-10 3.1835052e-14 
2.788687e-10 3.1737879e-14 
2.715864e-10 3.1698666e-14 
2.960532e-10 3.1841622e-14 
2.96794e-10 3.1801572e-14 
2.621825e-10 3.1688703e-14 
2.771694e-10 3.2016816e-14 
2.624503e-10 3.1801968e-14 
2.7925e-10 3.214944e-14 
2.779349e-10 3.1769334e-14 
2.813754e-10 3.1763889e-14 
2.7778e-10 3.1985415e-14 
2.9178e-10 3.212676e-14 
2.851456e-10 3.1726053e-14 
2.837857e-10 3.1701744e-14 
2.854122e-10 3.1772646e-14 
2.778396e-10 3.1796883e-14 
2.740684e-10 3.1836564e-14 
2.623456e-10 3.1707783e-14 
2.857554e-10 3.1913037e-14 
2.908545e-10 3.1783293e-14 
2.802434e-10 3.1656969e-14 
2.776562e-10 3.1836105e-14 
2.787485e-10 3.1878288e-14 
2.709396e-10 3.1666743e-14 
2.59369e-10 3.162933e-14 
2.782127e-10 3.1837005e-14 
2.798833e-10 3.1602609e-14 
2.908742e-10 3.1992264e-14 
2.822606e-10 3.1808745e-14 
3.038925e-10 3.189033e-14 
2.817802e-10 3.2106753e-14 
2.696941e-10 3.204693e-14 
2.84053e-10 3.1945572e-14 
2.800397e-10 3.1753827e-14 
2.651382e-10 3.1980105e-14 
2.778017e-10 3.183741e-14 
2.786933e-10 3.1792284e-14 
2.778982e-10 3.199743e-14 
2.903392e-10 3.1857534e-14 
2.834514e-10 3.1934223e-14 
2.762353e-10 3.1817682e-14 
2.849861e-10 3.1844817e-14 
2.823401e-10 3.1948623e-14 
2.889961e-10 3.2061996e-14 
2.966236e-10 3.2150106e-14 
2.774107e-10 3.2071554e-14 
2.933299e-10 3.1499955e-14 
2.797431e-10 3.1907448e-14 
2.819177e-10 3.1754952e-14 
2.733554e-10 3.1732722e-14 
2.633465e-10 3.1732164e-14 
2.62787e-10 3.1542687e-14 
2.807329e-10 3.172815e-14 
3.024707e-10 3.1885128e-14 
2.687225e-10 3.178827e-14 
2.75979e-10 3.1747995e-14 
2.895999e-10 3.1967172e-14 
2.81009e-10 3.1842315e-14 
2.796772e-10 3.1844043e-14 
2.678419e-10 3.1660245e-14 
2.807679e-10 3.1818024e-14 
2.621995e-10 3.1948866e-14 
2.748909e-10 3.2021199e-14 
2.770093e-10 3.1780404e-14 
2.877759e-10 3.1552551e-14 
2.87795e-10 3.1737474e-14 
2.91365e-10 3.1746924e-14 
2.861355e-10 3.2018724e-14 
2.655068e-10 3.1856697e-14 
2.914337e-10 3.1783428e-14 
2.899361e-10 3.2009094e-14 
2.805729e-10 3.208347e-14 
2.872564e-10 3.1608837e-14 
2.742409e-10 3.1831362e-14 
2.687067e-10 3.1882536e-14 
2.775922e-10 3.1598487e-14 
2.851633e-10 3.1846554e-14 
2.786515e-10 3.1688037e-14 
2.945719e-10 3.174705e-14 
2.801413e-10 3.1657797e-14 
2.843962e-10 3.1815099e-14 
2.78889e-10 3.1752738e-14 
2.87743e-10 3.1874913e-14 
2.930519e-10 3.183534e-14 
2.92019e-10 3.1821165e-14 
2.730416e-10 3.1630725e-14 
2.830125e-10 3.173274e-14 
3.101799e-10 3.2092632e-14 
2.829471e-10 3.1780314e-14 
2.754159e-10 3.1641345e-14 
2.802977e-10 3.1813308e-14 
2.699021e-10 3.1699953e-14 
2.645051e-10 3.1711581e-14 
2.846309e-10 3.1778397e-14 
2.841932e-10 3.1714587e-14 
2.84068e-10 3.1841082e-14 
2.804405e-10 3.181275e-14 
2.883159e-10 3.1884507e-14 
2.76807e-10 3.1719312e-14 
2.795717e-10 3.1783518e-14 
2.861878e-10 3.1731939e-14 
2.804699e-10 3.203793e-14 
2.703186e-10 3.1895217e-14 
2.698164e-10 3.1946364e-14 
2.768952e-10 3.1747869e-14 
3.024906e-10 3.1909275e-14 
2.878188e-10 3.1712112e-14 
2.638665e-10 3.1793976e-14 
2.970638e-10 3.1790754e-14 
2.78872e-10 3.1921056e-14 
2.880849e-10 3.1844286e-14 
2.875008e-10 3.1812174e-14 
2.766474e-10 3.1935438e-14 
2.780596e-10 3.1471227e-14 
2.590185e-10 3.172923e-14 
2.941399e-10 3.1933674e-14 
2.757559e-10 3.1972698e-14 
2.654185e-10 3.2041206e-14 
2.713554e-10 3.1748418e-14 
2.803379e-10 3.1778622e-14 
2.989073e-10 3.1757283e-14 
2.743428e-10 3.1808286e-14 
2.835723e-10 3.1746555e-14 
2.846603e-10 3.1852719e-14 
2.713983e-10 3.1862484e-14 
2.921909e-10 3.179412e-14 
2.796181e-10 3.1657257e-14 
2.810503e-10 3.1745178e-14 
2.974999e-10 3.1693176e-14 
2.852352e-10 3.1883859e-14 
2.830107e-10 3.1799547e-14 
2.909329e-10 3.168441e-14 
2.785796e-10 3.1781997e-14 
2.728322e-10 3.1780323e-14 
2.848289e-10 3.1864212e-14 
2.726782e-10 3.1783293e-14 
3.000023e-10 3.1831371e-14 
2.740816e-10 3.2041701e-14 
2.893205e-10 3.1915629e-14 
2.666923e-10 3.1603743e-14 
2.697048e-10 3.1714074e-14 
2.746584e-10 3.1522131e-14 
2.742303e-10 3.1669326e-14 
2.857402e-10 3.1724199e-14 
2.839929e-10 3.1944042e-14 
2.652048e-10 3.1654476e-14 
2.716359e-10 3.1854159e-14 
2.739947e-10 3.1962132e-14 
2.749057e-10 3.1640913e-14 
2.789274e-10 3.1699341e-14 
2.804255e-10 3.2042502e-14 
2.970973e-10 3.2061411e-14 
2.690214e-10 3.1819788e-14 
2.869652e-10 3.1651929e-14 
2.813079e-10 3.1964553e-14 
2.901198e-10 3.1689261e-14 
2.778801e-10 3.1676508e-14 
2.874741e-10 3.2072571e-14 
2.792277e-10 3.1922451e-14 
3.0947e-10 3.2047731e-14 
2.740156e-10 3.1983795e-14 
2.947457e-10 3.1653792e-14 
2.816066e-10 3.1738365e-14 
2.835799e-10 3.1822335e-14 
2.759856e-10 3.1671801e-14 
2.769143e-10 3.2147226e-14 
2.606459e-10 3.2004e-14 
2.808077e-10 3.1705938e-14 
2.757502e-10 3.1641192e-14 
2.756524e-10 3.1724901e-14 
2.918042e-10 3.1868316e-14 
2.935848e-10 3.1716819e-14 
2.836973e-10 3.1951665e-14 
3.002907e-10 3.1850001e-14 
2.801509e-10 3.1685895e-14 
2.793408e-10 3.1939281e-14 
2.851427e-10 3.1667715e-14 
2.691297e-10 3.1782384e-14 
2.816777e-10 3.1886172e-14 
2.963393e-10 3.1897485e-14 
2.92025e-10 3.1758615e-14 
2.69326e-10 3.1814901e-14 
2.801582e-10 3.2173515e-14 
2.925561e-10 3.1767813e-14 
2.678787e-10 3.1984425e-14 
2.70349e-10 3.1757337e-14 
2.842383e-10 3.1873725e-14 
2.828481e-10 3.166839e-14 
3.041915e-10 3.1826466e-14 
2.868716e-10 3.198339e-14 
2.925479e-10 3.1976154e-14 
2.742726e-10 3.1635765e-14 
2.758509e-10 3.1759497e-14 
2.84062e-10 3.1763646e-14 
2.762096e-10 3.1788234e-14 
2.884645e-10 3.2022378e-14 
2.774189e-10 3.1942836e-14 
2.769637e-10 3.1881636e-14 
2.70205e-10 3.175758e-14 
2.905887e-10 3.1891482e-14 
2.87875e-10 3.1790934e-14 
2.772543e-10 3.1720824e-14 
2.791288e-10 3.1965372e-14 
2.813762e-10 3.1844061e-14 
2.844406e-10 3.1847994e-14 
2.737625e-10 3.1634226e-14 
2.654362e-10 3.1997853e-14 
2.943062e-10 3.1719258e-14 
2.889256e-10 3.1999284e-14 
2.709067e-10 3.1812615e-14 
2.842489e-10 3.2066397e-14 
2.848151e-10 3.2002047e-14 
2.889162e-10 3.1770558e-14 
2.736059e-10 3.1727205e-14 
2.773774e-10 3.1898547e-14 
2.821567e-10 3.1954644e-14 
2.84402e-10 3.1930173e-14 
2.735073e-10 3.1839831e-14 
2.677272e-10 3.1931226e-14 
2.99578e-10 3.1875642e-14 
2.718242e-10 3.1674231e-14 
2.754292e-10 3.1681611e-14 
2.7697e-10 3.1842234e-14 
2.72003e-10 3.1698108e-14 
2.827766e-10 3.1779189e-14 
2.822314e-10 3.1911291e-14 
2.857359e-10 3.1728177e-14 
2.786761e-10 3.1937319e-14 
2.698049e-10 3.194838e-14 
2.814873e-10 3.1565241e-14 
2.723557e-10 3.1875093e-14 
2.748044e-10 3.1767489e-14 
2.741587e-10 3.1871232e-14 
2.849531e-10 3.1770225e-14 
2.726806e-10 3.1827708e-14 
2.72031e-10 3.1867992e-14 
2.798104e-10 3.1675158e-14 
2.805174e-10 3.1952322e-14 
2.789894e-10 3.1793139e-14 
2.816507e-10 3.1887135e-14 
2.971623e-10 3.1754151e-14 
2.849861e-10 3.1844817e-14 
2.80495e-10 3.2061807e-14 
2.816074e-10 3.1844727e-14 
2.794035e-10 3.1754007e-14 
2.824101e-10 3.1904316e-14 
2.864318e-10 3.1903317e-14 
2.758661e-10 3.1697019e-14 
2.530267e-10 3.1731759e-14 
2.830893e-10 3.1521843e-14 
2.91022e-10 3.185892e-14 
2.854889e-10 3.2013387e-14 
2.978997e-10 3.1964661e-14 
2.7201e-10 3.1902678e-14 
2.851942e-10 3.2157828e-14 
2.869247e-10 3.174453e-14 
2.938214e-10 3.1844655e-14 
2.855753e-10 3.2122935e-14 
2.699726e-10 3.1903407e-14 
2.690758e-10 3.1763727e-14 
2.741449e-10 3.1924341e-14 
2.79744e-10 3.1959963e-14 
2.766582e-10 3.1857678e-14 
2.610859e-10 3.1712814e-14 
2.803032e-10 3.1940073e-14 
2.678837e-10 3.1537548e-14 
2.858503e-10 3.1639617e-14 
2.889482e-10 3.1844538e-14 
2.936718e-10 3.195747e-14 
2.712444e-10 3.1962834e-14 
2.965808e-10 3.1990914e-14 
2.707558e-10 3.1914486e-14 
2.880435e-10 3.1779045e-14 
2.745591e-10 3.1804083e-14 
2.745017e-10 3.1786335e-14 
2.804385e-10 3.1708566e-14 
2.681761e-10 3.1708647e-14 
2.732382e-10 3.1799151e-14 
2.818224e-10 3.1768119e-14 
2.83784e-10 3.2094684e-14 
2.882917e-10 3.1775256e-14 
2.780762e-10 3.1969764e-14 
2.893279e-10 3.1925574e-14 
2.704756e-10 3.1453731e-14 
2.753984e-10 3.1583547e-14 
2.804457e-10 3.1678326e-14 
2.813559e-10 3.1949244e-14 
2.671915e-10 3.1904667e-14 
2.760598e-10 3.1790088e-14 
2.822852e-10 3.2019714e-14 
2.860842e-10 3.1689882e-14 
2.628709e-10 3.1794669e-14 
2.759007e-10 3.1777524e-14 
2.840076e-10 3.180492e-14 
3.019474e-10 3.2037489e-14 
2.651832e-10 3.172509e-14 
2.702584e-10 3.1732065e-14 
2.589426e-10 3.1810059e-14 
2.88903e-10 3.1722453e-14 
2.915411e-10 3.1823046e-14 
2.8713e-10 3.1740525e-14 
2.741311e-10 3.1797072e-14 
2.888416e-10 3.1816935e-14 
2.809623e-10 3.1750209e-14 
2.79597e-10 3.1733856e-14 
2.756651e-10 3.1689612e-14 
2.760973e-10 3.1923225e-14 
2.767984e-10 3.1778388e-14 
2.713343e-10 3.1844916e-14 
2.992547e-10 3.1733847e-14 
2.792801e-10 3.2012568e-14 
2.74136e-10 3.1977468e-14 
2.773808e-10 3.1949064e-14 
2.869121e-10 3.1862835e-14 
2.796769e-10 3.1682124e-14 
2.760727e-10 3.1876425e-14 
2.78639e-10 3.1591071e-14 
3.052612e-10 3.2209578e-14 
2.87391e-10 3.1720824e-14 
2.769515e-10 3.1914054e-14 
2.697896e-10 3.1778577e-14 
2.859271e-10 3.1928823e-14 
2.860297e-10 3.1975695e-14 
2.895318e-10 3.1744899e-14 
2.798153e-10 3.1913235e-14 
2.779618e-10 3.1852062e-14 
2.899313e-10 3.1950135e-14 
2.774551e-10 3.1741029e-14 
2.867202e-10 3.2182587e-14 
2.68093e-10 3.1686021e-14 
2.720148e-10 3.1802832e-14 
2.85814e-10 3.1961367e-14 
2.865576e-10 3.1769703e-14 
2.813863e-10 3.173751e-14 
2.831681e-10 3.1586409e-14 
2.819499e-10 3.169629e-14 
2.931403e-10 3.1924755e-14 
2.786812e-10 3.2112063e-14 
2.784761e-10 3.1731849e-14 
2.629517e-10 3.1812147e-14 
2.795054e-10 3.216861e-14 
2.795992e-10 3.1826889e-14 
2.730797e-10 3.1739148e-14 
2.724952e-10 3.1975263e-14 
3.017348e-10 3.184398e-14 
2.789335e-10 3.1960035e-14 
2.719966e-10 3.188331e-14 
2.799036e-10 3.1702617e-14 
2.804126e-10 3.1717602e-14 
2.762273e-10 3.1737402e-14 
2.683541e-10 3.1819716e-14 
2.754149e-10 3.1821138e-14 
2.874402e-10 3.1740372e-14 
2.868303e-10 3.2018463e-14 
2.855328e-10 3.1909806e-14 
2.809348e-10 3.1842531e-14 
2.846242e-10 3.1943484e-14 
2.693326e-10 3.1942557e-14 
2.780346e-10 3.1859811e-14 
2.827347e-10 3.169233e-14 
2.880604e-10 3.1739625e-14 
2.840389e-10 3.1898007e-14 
2.702784e-10 3.1842558e-14 
2.875453e-10 3.175137e-14 
2.917103e-10 3.1802994e-14 
2.775466e-10 3.1903506e-14 
2.698883e-10 3.1661433e-14 
2.817557e-10 3.1733478e-14 
2.782668e-10 3.2035293e-14 
2.739916e-10 3.1697505e-14 
2.896776e-10 3.1800753e-14 
2.813965e-10 3.1987998e-14 
2.745301e-10 3.2012892e-14 
2.749832e-10 3.1819761e-14 
2.740104e-10 3.1960161e-14 
2.824862e-10 3.1945311e-14 
2.82514e-10 3.1808583e-14 
2.771563e-10 3.189096e-14 
2.675595e-10 3.1830021e-14 
2.667825e-10 3.1629717e-14 
2.794992e-10 3.1924881e-14 
2.691865e-10 3.1858947e-14 
2.609239e-10 3.1803552e-14 
2.807631e-10 3.1693365e-14 
2.814268e-10 3.1791447e-14 
2.772894e-10 3.1908582e-14 
2.75706e-10 3.1626738e-14 
2.890101e-10 3.1813254e-14 
2.661262e-10 3.2063031e-14 
2.88433e-10 3.1801608e-14 
2.670416e-10 3.1697451e-14 
2.99846e-10 3.1866102e-14 
3.051787e-10 3.1783446e-14 
2.961049e-10 3.1552245e-14 
2.893167e-10 3.1844961e-14 
2.819521e-10 3.181932e-14 
2.753845e-10 3.1969854e-14 
2.813083e-10 3.1813731e-14 
2.77049e-10 3.1619826e-14 
2.742575e-10 3.189168e-14 
2.790131e-10 3.1951836e-14 
2.826215e-10 3.1746978e-14 
2.767152e-10 3.1885515e-14 
2.840821e-10 3.1700187e-14 
2.667888e-10 3.1784796e-14 
2.886265e-10 3.1947147e-14 
2.669899e-10 3.1850973e-14 
2.923343e-10 3.1735116e-14 
2.757114e-10 3.1765833e-14 
2.772518e-10 3.2116833e-14 
2.708015e-10 3.1786173e-14 
2.825007e-10 3.1821588e-14 
2.807291e-10 3.1741857e-14 
2.827607e-10 3.202587e-14 
2.837274e-10 3.1930929e-14 
2.68231e-10 3.1713381e-14 
2.802552e-10 3.1897755e-14 
2.965791e-10 3.1939254e-14 
2.711336e-10 3.2186781e-14 
2.94776e-10 3.1970097e-14 
2.917495e-10 3.1598784e-14 
2.786016e-10 3.1742226e-14 
2.736426e-10 3.1652406e-14 
2.788675e-10 3.1966506e-14 
3.002745e-10 3.1688946e-14 
2.764784e-10 3.1852863e-14 
2.840649e-10 3.179349e-14 
2.781187e-10 3.1897782e-14 
2.72708e-10 3.204261e-14 
2.958829e-10 3.1838211e-14 
2.746455e-10 3.1612527e-14 
2.863761e-10 3.1765968e-14 
2.858234e-10 3.2082687e-14 
2.806956e-10 3.1609467e-14 
2.855848e-10 3.1688181e-14 
2.727175e-10 3.1847904e-14 
2.704901e-10 3.1858848e-14 
2.971537e-10 3.1828842e-14 
2.826783e-10 3.1550652e-14 
2.785249e-10 3.2016069e-14 
2.789525e-10 3.1769433e-14 
2.895145e-10 3.1785156e-14 
2.885284e-10 3.2022522e-14 
2.849786e-10 3.1883535e-14 
2.8264e-10 3.1746717e-14 
2.764333e-10 3.1596642e-14 
3.029532e-10 3.1912119e-14 
2.779455e-10 3.1892517e-14 
2.728386e-10 3.1795344e-14 
2.993153e-10 3.190509e-14 
2.804402e-10 3.1763844e-14 
3.091115e-10 3.1766967e-14 
2.884024e-10 3.1815981e-14 
2.800316e-10 3.1822614e-14 
2.702117e-10 3.2057604e-14 
2.766031e-10 3.175479e-14 
2.852734e-10 3.2121063e-14 
2.680091e-10 3.1802976e-14 
2.830507e-10 3.1755654e-14 
2.866304e-10 3.167316e-14 
2.670047e-10 3.1671315e-14 
2.685667e-10 3.1723227e-14 
2.952529e-10 3.1864167e-14 
2.762444e-10 3.1906224e-14 
2.827177e-10 3.1689729e-14 
2.741e-10 3.1969296e-14 
2.607518e-10 3.1704156e-14 
2.743216e-10 3.1734396e-14 
2.824936e-10 3.1779261e-14 
2.648845e-10 3.1955823e-14 
2.835816e-10 3.1822695e-14 
2.657939e-10 3.1715127e-14 
2.696551e-10 3.169827e-14 
2.755823e-10 3.190356e-14 
2.612469e-10 3.1810437e-14 
2.672878e-10 3.1679631e-14 
2.840703e-10 3.1643883e-14 
2.975823e-10 3.1833171e-14 
3.038913e-10 3.1822695e-14 
2.659434e-10 3.1716198e-14 
2.810514e-10 3.1761594e-14 
2.823939e-10 3.169476e-14 
2.893159e-10 3.1672197e-14 
2.873988e-10 3.1876344e-14 
2.743049e-10 3.1941531e-14 
2.643795e-10 3.1877856e-14 
2.710799e-10 3.1803642e-14 
2.866092e-10 3.1842117e-14 
2.988636e-10 3.1789656e-14 
2.632579e-10 3.1955094e-14 
2.986646e-10 3.2012856e-14 
2.693063e-10 3.1966254e-14 
3.051787e-10 3.1783446e-14 
3.005272e-10 3.1688055e-14 
2.856526e-10 3.1751703e-14 
2.721582e-10 3.1917429e-14 
2.870173e-10 3.1687569e-14 
2.684957e-10 3.1628151e-14 
2.836433e-10 3.1855464e-14 
2.718445e-10 3.1895802e-14 
2.726386e-10 3.1846743e-14 
2.875771e-10 3.1679838e-14 
2.649093e-10 3.1882671e-14 
2.81109e-10 3.191841e-14 
2.80458e-10 3.1729005e-14 
2.783394e-10 3.1812543e-14 
2.770534e-10 3.1653666e-14 
2.944398e-10 3.1899078e-14 
2.600469e-10 3.1795281e-14 
2.901304e-10 3.2036949e-14 
2.77645e-10 3.1782708e-14 
2.71687e-10 3.2149827e-14 
2.682573e-10 3.1940901e-14 
2.683911e-10 3.1952601e-14 
2.745081e-10 3.1885371e-14 
2.818863e-10 3.1820103e-14 
2.699049e-10 3.1717629e-14 
2.810474e-10 3.1786767e-14 
2.748787e-10 3.177513e-14 
2.686225e-10 3.2037219e-14 
2.713241e-10 3.1916025e-14 
2.869321e-10 3.186801e-14 
2.770097e-10 3.1624803e-14 
2.697747e-10 3.1690845e-14 
2.786678e-10 3.1938813e-14 
2.672916e-10 3.1616145e-14 
2.730932e-10 3.1870098e-14 
2.730383e-10 3.2111271e-14 
2.901385e-10 3.1948686e-14 
2.654674e-10 3.1911363e-14 
2.802361e-10 3.1786281e-14 
2.852775e-10 3.1691754e-14 
2.724485e-10 3.1771926e-14 
2.857426e-10 3.1611663e-14 
2.797883e-10 3.1820742e-14 
2.702109e-10 3.2067468e-14 
2.840829e-10 3.1900761e-14 
2.820258e-10 3.1788909e-14 
2.88033e-10 3.1806801e-14 
2.749468e-10 3.1860675e-14 
2.723515e-10 3.1695084e-14 
2.844267e-10 3.180969e-14 
2.775124e-10 3.1702869e-14 
2.848568e-10 3.1788072e-14 
2.723399e-10 3.184569e-14 
2.865902e-10 3.178413e-14 
2.718197e-10 3.1696506e-14 
2.965005e-10 3.1780998e-14 
2.940817e-10 3.1896855e-14 
2.733439e-10 3.1716288e-14 
2.802409e-10 3.1827996e-14 
2.808818e-10 3.1830129e-14 
2.798041e-10 3.1939218e-14 
2.775254e-10 3.1705722e-14 
2.948224e-10 3.188592e-14 
2.938801e-10 3.1910409e-14 
2.829435e-10 3.1874346e-14 
2.861752e-10 3.1980105e-14 
2.967263e-10 3.1800879e-14 
2.752808e-10 3.186639e-14 
2.743314e-10 3.1895325e-14 
2.825517e-10 3.1895181e-14 
2.895306e-10 3.2014845e-14 
2.82758e-10 3.1987314e-14 
2.827177e-10 3.1689729e-14 
2.786126e-10 3.1903965e-14 
2.805323e-10 3.2207256e-14 
2.799607e-10 3.1677381e-14 
2.990714e-10 3.1777803e-14 
2.714609e-10 3.1820868e-14 
2.859898e-10 3.1964337e-14 
3.019357e-10 3.1803786e-14 
2.867328e-10 3.1826169e-14 
2.851786e-10 3.1902525e-14 
2.72609e-10 3.1960566e-14 
2.783673e-10 3.1693941e-14 
3.015598e-10 3.1641615e-14 
3.053312e-10 3.1712922e-14 
2.921052e-10 3.1925115e-14 
2.736698e-10 3.1704687e-14 
2.880538e-10 3.1754493e-14 
3.113574e-10 3.1894056e-14 
2.936563e-10 3.1653837e-14 
2.795694e-10 3.1717071e-14 
2.779531e-10 3.1841091e-14 
2.875441e-10 3.1653603e-14 
2.812326e-10 3.1932819e-14 
2.849192e-10 3.1828095e-14 
2.603693e-10 3.1854276e-14 
2.643894e-10 3.1856913e-14 
2.722767e-10 3.1770081e-14 
2.730676e-10 3.1687596e-14 
2.956167e-10 3.1801257e-14 
2.751485e-10 3.1756311e-14 
2.787681e-10 3.1573746e-14 
2.848333e-10 3.1879044e-14 
2.743405e-10 3.1796982e-14 
2.682204e-10 3.2065371e-14 
2.737768e-10 3.1661766e-14 
2.794327e-10 3.1841523e-14 
2.859314e-10 3.1682934e-14 
2.878564e-10 3.1813596e-14 
2.806681e-10 3.1723983e-14 
2.653674e-10 3.2092641e-14 
2.876869e-10 3.1861422e-14 
2.756847e-10 3.1839561e-14 
2.697562e-10 3.1785831e-14 
2.759484e-10 3.1854537e-14 
2.909342e-10 3.1654008e-14 
2.733055e-10 3.1943448e-14 
2.894322e-10 3.1805901e-14 
2.742662e-10 3.1898268e-14 
2.870193e-10 3.1515858e-14 
2.959311e-10 3.1757589e-14 
2.659552e-10 3.1839417e-14 
2.779117e-10 3.1659687e-14 
2.786395e-10 3.1829085e-14 
2.764918e-10 3.1921479e-14 
2.835639e-10 3.1832946e-14 
2.711115e-10 3.1748031e-14 
2.713241e-10 3.1916025e-14 
2.789688e-10 3.2071392e-14 
2.866273e-10 3.1707234e-14 
2.702864e-10 3.183489e-14 
2.797709e-10 3.1614282e-14 
2.749648e-10 3.1789089e-14 
2.80788e-10 3.191976e-14 
2.907192e-10 3.1846311e-14 
