2.549731e-10 3.704364e-14 
2.688926e-10 3.7115649e-14 
2.773358e-10 3.7155951e-14 
2.510523e-10 3.6890253e-14 
2.687919e-10 3.7163952e-14 
2.680591e-10 3.6903141e-14 
2.844695e-10 3.704832e-14 
2.783478e-10 3.7188675e-14 
2.81281e-10 3.6888795e-14 
2.656779e-10 3.7033866e-14 
2.694846e-10 3.7106919e-14 
2.66873e-10 3.7041201e-14 
2.603997e-10 3.6781857e-14 
2.588956e-10 3.6893034e-14 
2.700036e-10 3.6892773e-14 
2.796406e-10 3.7142109e-14 
2.975768e-10 3.6897264e-14 
2.780518e-10 3.6822672e-14 
2.663462e-10 3.6755838e-14 
2.711977e-10 3.6803178e-14 
2.744803e-10 3.6738486e-14 
2.648907e-10 3.7121184e-14 
2.593313e-10 3.7014309e-14 
2.818604e-10 3.6947511e-14 
2.852581e-10 3.684303e-14 
2.715577e-10 3.7039887e-14 
2.635923e-10 3.7020087e-14 
2.837521e-10 3.6981423e-14 
3.049923e-10 3.7040103e-14 
2.703286e-10 3.7108422e-14 
2.554739e-10 3.6870984e-14 
2.565053e-10 3.70701e-14 
2.698392e-10 3.6865827e-14 
2.611888e-10 3.6997452e-14 
2.672492e-10 3.725802e-14 
2.590489e-10 3.7148022e-14 
2.571422e-10 3.6998991e-14 
2.747201e-10 3.6867942e-14 
2.70593e-10 3.6971028e-14 
2.724044e-10 3.7046304e-14 
2.714579e-10 3.6806562e-14 
2.7416e-10 3.6844389e-14 
2.614313e-10 3.6807993e-14 
2.66139e-10 3.702366e-14 
2.667175e-10 3.7398465e-14 
2.832458e-10 3.7149633e-14 
2.823701e-10 3.7031985e-14 
2.847891e-10 3.7160064e-14 
3.048444e-10 3.6874674e-14 
2.707e-10 3.6805482e-14 
2.571785e-10 3.6908334e-14 
2.852589e-10 3.6859221e-14 
2.89959e-10 3.7025532e-14 
2.756974e-10 3.6965916e-14 
2.61105e-10 3.6948069e-14 
2.651675e-10 3.6970434e-14 
2.619636e-10 3.6924831e-14 
2.694864e-10 3.6902133e-14 
2.766489e-10 3.6940635e-14 
2.628892e-10 3.6887337e-14 
2.690268e-10 3.6940041e-14 
2.840827e-10 3.7034883e-14 
3.040634e-10 3.6933957e-14 
2.840531e-10 3.7073385e-14 
2.664699e-10 3.70782e-14 
2.744309e-10 3.7106604e-14 
2.647332e-10 3.7074366e-14 
2.862618e-10 3.706281e-14 
2.869777e-10 3.714102e-14 
2.617131e-10 3.7024461e-14 
2.703888e-10 3.7119564e-14 
2.638284e-10 3.6727308e-14 
2.926634e-10 3.6863883e-14 
2.66215e-10 3.7070919e-14 
2.733876e-10 3.7059822e-14 
2.704563e-10 3.6848718e-14 
2.815101e-10 3.7138572e-14 
2.684219e-10 3.6870984e-14 
2.882387e-10 3.7172988e-14 
2.897809e-10 3.691116e-14 
2.622769e-10 3.7067769e-14 
2.814187e-10 3.6696384e-14 
2.775756e-10 3.7163169e-14 
2.7561e-10 3.684438e-14 
2.572347e-10 3.7057599e-14 
2.729987e-10 3.6843993e-14 
2.618573e-10 3.7054206e-14 
2.705403e-10 3.7036674e-14 
2.952983e-10 3.7239237e-14 
2.661146e-10 3.7033245e-14 
2.652182e-10 3.6955332e-14 
2.81363e-10 3.7175193e-14 
2.607221e-10 3.7217565e-14 
2.780258e-10 3.7011528e-14 
2.782804e-10 3.6867303e-14 
2.489776e-10 3.7251441e-14 
2.795732e-10 3.6923706e-14 
2.853574e-10 3.7355679e-14 
2.737709e-10 3.6952947e-14 
2.553039e-10 3.6770094e-14 
2.835565e-10 3.6843876e-14 
2.787648e-10 3.6894843e-14 
2.576055e-10 3.7012491e-14 
2.585976e-10 3.6848997e-14 
2.558725e-10 3.6973404e-14 
2.829994e-10 3.6887364e-14 
2.777052e-10 3.7318941e-14 
3.041263e-10 3.6973251e-14 
2.783593e-10 3.7002222e-14 
2.65028e-10 3.697938e-14 
2.877366e-10 3.7189413e-14 
2.888969e-10 3.688155e-14 
2.724477e-10 3.6984438e-14 
2.722531e-10 3.7225701e-14 
2.729369e-10 3.7068003e-14 
2.675702e-10 3.7171836e-14 
2.753697e-10 3.7001421e-14 
2.535069e-10 3.7073718e-14 
2.769773e-10 3.6802233e-14 
2.792409e-10 3.7125693e-14 
2.838776e-10 3.7022328e-14 
2.76457e-10 3.701574e-14 
2.910452e-10 3.7135494e-14 
2.812918e-10 3.6929691e-14 
2.70638e-10 3.7413198e-14 
2.792673e-10 3.7027395e-14 
2.83063e-10 3.6996444e-14 
2.700494e-10 3.703878e-14 
2.54561e-10 3.6874755e-14 
2.872332e-10 3.6799578e-14 
2.861804e-10 3.6877788e-14 
2.736721e-10 3.6987894e-14 
2.837527e-10 3.6740376e-14 
2.775462e-10 3.7264815e-14 
2.599637e-10 3.6898668e-14 
2.817047e-10 3.6823734e-14 
2.916604e-10 3.7094382e-14 
2.613068e-10 3.6899379e-14 
2.668217e-10 3.7221687e-14 
2.817237e-10 3.7269936e-14 
2.63071e-10 3.6956664e-14 
2.564326e-10 3.6941895e-14 
2.844289e-10 3.7126449e-14 
2.809761e-10 3.7005759e-14 
2.600015e-10 3.6960615e-14 
2.523251e-10 3.684627e-14 
2.853531e-10 3.7147023e-14 
2.625336e-10 3.6930735e-14 
2.783468e-10 3.6885267e-14 
2.5725e-10 3.6707409e-14 
2.720562e-10 3.683214e-14 
2.551311e-10 3.6755955e-14 
2.577312e-10 3.6869499e-14 
2.758417e-10 3.692043e-14 
2.520753e-10 3.6656874e-14 
2.698496e-10 3.6872568e-14 
2.743432e-10 3.6706761e-14 
2.756528e-10 3.7083375e-14 
2.822475e-10 3.7077156e-14 
2.689145e-10 3.6998568e-14 
2.769031e-10 3.6929628e-14 
2.796282e-10 3.7009197e-14 
2.64518e-10 3.7027881e-14 
2.73922e-10 3.6970083e-14 
2.747499e-10 3.6926955e-14 
2.760741e-10 3.6832833e-14 
2.781078e-10 3.6813366e-14 
2.624243e-10 3.6979506e-14 
2.745286e-10 3.6858213e-14 
2.536977e-10 3.6784314e-14 
2.744429e-10 3.7016676e-14 
2.708117e-10 3.7088874e-14 
2.661118e-10 3.6846387e-14 
2.727677e-10 3.7144458e-14 
2.708832e-10 3.7076094e-14 
2.678275e-10 3.6948042e-14 
2.83887e-10 3.6963657e-14 
2.803678e-10 3.7213371e-14 
2.810247e-10 3.6939285e-14 
2.534576e-10 3.7433871e-14 
2.741369e-10 3.7033164e-14 
2.65747e-10 3.689406e-14 
2.572581e-10 3.6883431e-14 
2.660669e-10 3.7263519e-14 
2.816548e-10 3.7025037e-14 
2.705376e-10 3.6896832e-14 
2.595611e-10 3.6927882e-14 
2.682887e-10 3.6977085e-14 
2.652616e-10 3.6940878e-14 
2.747772e-10 3.6899109e-14 
2.634402e-10 3.6904104e-14 
2.855926e-10 3.691242e-14 
2.580879e-10 3.6977265e-14 
2.843223e-10 3.6832248e-14 
2.693007e-10 3.6914175e-14 
2.798584e-10 3.697839e-14 
2.757432e-10 3.7046835e-14 
2.664657e-10 3.7101357e-14 
3.087198e-10 3.7250784e-14 
2.729188e-10 3.7022022e-14 
2.804797e-10 3.6870354e-14 
2.736068e-10 3.6841473e-14 
2.651995e-10 3.700539e-14 
2.646276e-10 3.7160271e-14 
2.54127e-10 3.6934038e-14 
2.573944e-10 3.6827802e-14 
2.692605e-10 3.6866331e-14 
2.737465e-10 3.6789714e-14 
2.791771e-10 3.697407e-14 
2.735356e-10 3.6824058e-14 
2.922246e-10 3.6882864e-14 
2.756769e-10 3.6943668e-14 
2.587789e-10 3.7219437e-14 
2.947099e-10 3.7127304e-14 
2.670537e-10 3.6919179e-14 
2.779054e-10 3.7062846e-14 
2.707609e-10 3.6869508e-14 
2.866914e-10 3.6664056e-14 
2.641036e-10 3.6893817e-14 
2.668264e-10 3.6772767e-14 
2.644862e-10 3.70386e-14 
2.628781e-10 3.6828153e-14 
2.552496e-10 3.7026189e-14 
2.619629e-10 3.6891e-14 
2.805767e-10 3.7064637e-14 
2.823017e-10 3.6911385e-14 
2.876034e-10 3.6828927e-14 
2.671457e-10 3.703428e-14 
2.634743e-10 3.7004868e-14 
2.650305e-10 3.6802728e-14 
2.602091e-10 3.7043298e-14 
2.588225e-10 3.7333125e-14 
2.856004e-10 3.7195452e-14 
2.683396e-10 3.6927954e-14 
2.603925e-10 3.7084923e-14 
2.705255e-10 3.7172592e-14 
2.618935e-10 3.6927873e-14 
2.833831e-10 3.677139e-14 
2.473056e-10 3.7097163e-14 
2.701855e-10 3.6857916e-14 
2.840339e-10 3.7016352e-14 
2.601787e-10 3.7108269e-14 
2.705908e-10 3.7017585e-14 
2.645683e-10 3.7180053e-14 
2.779118e-10 3.6965304e-14 
2.684388e-10 3.6981531e-14 
2.882233e-10 3.7072035e-14 
2.777741e-10 3.6959625e-14 
2.724983e-10 3.7050048e-14 
3.005509e-10 3.7228419e-14 
2.49971e-10 3.7030977e-14 
2.59022e-10 3.7049922e-14 
2.953723e-10 3.7198071e-14 
2.508655e-10 3.6819036e-14 
2.721099e-10 3.6933885e-14 
2.926254e-10 3.7042947e-14 
2.668817e-10 3.7100718e-14 
2.790788e-10 3.7210842e-14 
2.689771e-10 3.7070658e-14 
2.480795e-10 3.6997317e-14 
2.559183e-10 3.7189593e-14 
2.781874e-10 3.7122147e-14 
2.944328e-10 3.6842922e-14 
2.754678e-10 3.6982503e-14 
2.666918e-10 3.6872586e-14 
2.566709e-10 3.6944568e-14 
2.69505e-10 3.7289106e-14 
2.750699e-10 3.7126917e-14 
2.747942e-10 3.6863154e-14 
2.812868e-10 3.6949608e-14 
2.743483e-10 3.7067202e-14 
2.65701e-10 3.7048023e-14 
2.624319e-10 3.6781092e-14 
2.950966e-10 3.7008882e-14 
2.458812e-10 3.7340568e-14 
2.671838e-10 3.6875754e-14 
2.657006e-10 3.6785835e-14 
2.591525e-10 3.7037772e-14 
2.64526e-10 3.6931464e-14 
2.675485e-10 3.6810576e-14 
2.87478e-10 3.6827253e-14 
2.795198e-10 3.7082736e-14 
2.945969e-10 3.7092735e-14 
2.656726e-10 3.7138932e-14 
2.682446e-10 3.7060155e-14 
2.530778e-10 3.6941832e-14 
2.895658e-10 3.713274e-14 
2.847737e-10 3.6964287e-14 
2.891947e-10 3.6988263e-14 
2.762914e-10 3.7024947e-14 
2.775414e-10 3.6794655e-14 
2.706089e-10 3.6813204e-14 
2.710807e-10 3.6859419e-14 
2.806405e-10 3.7181133e-14 
2.697154e-10 3.7072053e-14 
2.659016e-10 3.6908262e-14 
2.565013e-10 3.7242918e-14 
2.689449e-10 3.6982701e-14 
2.74955e-10 3.7187082e-14 
2.668891e-10 3.7004778e-14 
2.871769e-10 3.7053477e-14 
2.854908e-10 3.6958257e-14 
2.718034e-10 3.7011753e-14 
2.699823e-10 3.7303425e-14 
2.489531e-10 3.692916e-14 
2.552091e-10 3.6819432e-14 
2.893785e-10 3.7204416e-14 
2.743948e-10 3.6799407e-14 
2.664548e-10 3.7034397e-14 
2.63477e-10 3.6962253e-14 
2.866695e-10 3.6948321e-14 
2.743951e-10 3.7023012e-14 
2.837047e-10 3.7282059e-14 
2.7402e-10 3.7121328e-14 
2.805898e-10 3.7203264e-14 
2.744266e-10 3.687795e-14 
2.761691e-10 3.7268055e-14 
2.885685e-10 3.6995121e-14 
2.684065e-10 3.7065861e-14 
2.638229e-10 3.6942516e-14 
2.706201e-10 3.7142325e-14 
2.804045e-10 3.6852354e-14 
2.744321e-10 3.7231749e-14 
2.796951e-10 3.6789273e-14 
2.794428e-10 3.7172259e-14 
2.557595e-10 3.6881784e-14 
3.015784e-10 3.697893e-14 
2.829442e-10 3.6982224e-14 
2.690979e-10 3.6933948e-14 
3.001244e-10 3.6839286e-14 
2.78285e-10 3.7092087e-14 
2.813958e-10 3.6947196e-14 
2.4641e-10 3.6839295e-14 
2.735801e-10 3.6909423e-14 
2.522323e-10 3.6966222e-14 
2.645036e-10 3.7018593e-14 
2.736964e-10 3.7107828e-14 
2.840839e-10 3.7022112e-14 
2.532952e-10 3.6543114e-14 
2.593071e-10 3.6783072e-14 
2.701755e-10 3.6896553e-14 
2.569074e-10 3.714129e-14 
2.772206e-10 3.6977121e-14 
2.610537e-10 3.7035603e-14 
2.611642e-10 3.6992466e-14 
2.621766e-10 3.6999819e-14 
2.75651e-10 3.7019808e-14 
2.697487e-10 3.6704628e-14 
2.603962e-10 3.7018017e-14 
2.715356e-10 3.6920745e-14 
2.72891e-10 3.7303722e-14 
2.689159e-10 3.7160514e-14 
2.778637e-10 3.6917775e-14 
2.619785e-10 3.6881145e-14 
2.852879e-10 3.693564e-14 
2.66712e-10 3.6855819e-14 
2.644372e-10 3.7052829e-14 
2.942354e-10 3.7169613e-14 
2.750429e-10 3.7009314e-14 
2.734311e-10 3.7013418e-14 
2.835144e-10 3.6935748e-14 
2.725607e-10 3.7303956e-14 
2.977967e-10 3.7267479e-14 
2.878768e-10 3.6946836e-14 
2.972044e-10 3.7017612e-14 
2.649875e-10 3.6961866e-14 
2.620285e-10 3.7133145e-14 
2.692804e-10 3.7064826e-14 
2.622275e-10 3.6964836e-14 
2.889432e-10 3.7033335e-14 
2.733849e-10 3.7098e-14 
2.811236e-10 3.6994041e-14 
2.93118e-10 3.7013139e-14 
2.928307e-10 3.7067553e-14 
2.694789e-10 3.6972837e-14 
2.567324e-10 3.6784917e-14 
2.613999e-10 3.6833094e-14 
2.72404e-10 3.7146807e-14 
2.800236e-10 3.6950634e-14 
2.913965e-10 3.70701e-14 
2.703472e-10 3.6923481e-14 
2.789184e-10 3.7036539e-14 
2.849224e-10 3.6893133e-14 
2.895606e-10 3.6945045e-14 
2.664029e-10 3.7096092e-14 
2.819889e-10 3.718377e-14 
2.606351e-10 3.6934443e-14 
2.6274e-10 3.6979902e-14 
2.802804e-10 3.6945189e-14 
2.579451e-10 3.6852021e-14 
2.583024e-10 3.709764e-14 
2.650784e-10 3.7091439e-14 
2.853994e-10 3.698055e-14 
2.768841e-10 3.6783261e-14 
2.82892e-10 3.695067e-14 
2.521032e-10 3.6796914e-14 
2.663346e-10 3.7023759e-14 
2.881166e-10 3.709476e-14 
2.913282e-10 3.6982035e-14 
2.739652e-10 3.7030851e-14 
2.910759e-10 3.7150281e-14 
2.843243e-10 3.7316817e-14 
2.862214e-10 3.6727047e-14 
2.781674e-10 3.6878715e-14 
2.723933e-10 3.7145187e-14 
2.666378e-10 3.6942336e-14 
2.630585e-10 3.7030212e-14 
2.840141e-10 3.685734e-14 
2.570835e-10 3.6608634e-14 
2.739006e-10 3.6914436e-14 
2.621244e-10 3.7018098e-14 
2.608829e-10 3.690738e-14 
2.868353e-10 3.6918144e-14 
2.806714e-10 3.6916803e-14 
2.793101e-10 3.6991764e-14 
2.906555e-10 3.7018899e-14 
2.607183e-10 3.6988389e-14 
2.701154e-10 3.714678e-14 
2.645164e-10 3.697938e-14 
2.760501e-10 3.6787221e-14 
2.635299e-10 3.7083267e-14 
2.723985e-10 3.6878652e-14 
2.810583e-10 3.7173627e-14 
2.482375e-10 3.7062297e-14 
2.742675e-10 3.700134e-14 
2.460328e-10 3.6743949e-14 
2.54672e-10 3.6897174e-14 
2.802826e-10 3.7117971e-14 
2.877191e-10 3.7092825e-14 
2.836825e-10 3.689982e-14 
2.646686e-10 3.6979623e-14 
2.562495e-10 3.7099287e-14 
2.765608e-10 3.6936324e-14 
2.794275e-10 3.6814527e-14 
2.816046e-10 3.6914913e-14 
2.630871e-10 3.7028952e-14 
2.551714e-10 3.7126053e-14 
2.714418e-10 3.7171683e-14 
2.820522e-10 3.7194462e-14 
2.838638e-10 3.6984618e-14 
2.741192e-10 3.7107162e-14 
2.595756e-10 3.6855252e-14 
2.799919e-10 3.6897354e-14 
2.730761e-10 3.7109871e-14 
2.905614e-10 3.7153872e-14 
2.661397e-10 3.7038312e-14 
2.700066e-10 3.6824832e-14 
2.791138e-10 3.7100556e-14 
2.745798e-10 3.7001817e-14 
2.798233e-10 3.6933669e-14 
2.77077e-10 3.6777843e-14 
2.755911e-10 3.7041588e-14 
2.875862e-10 3.7241838e-14 
2.587359e-10 3.6842733e-14 
2.744967e-10 3.706686e-14 
2.589909e-10 3.701745e-14 
2.65294e-10 3.7140516e-14 
2.5949e-10 3.6885762e-14 
2.630764e-10 3.6866007e-14 
2.67017e-10 3.6644661e-14 
2.890902e-10 3.735648e-14 
2.711851e-10 3.7208934e-14 
2.843744e-10 3.6636219e-14 
2.768285e-10 3.7015551e-14 
2.674532e-10 3.687894e-14 
2.85803e-10 3.7036818e-14 
2.799555e-10 3.7040922e-14 
2.789956e-10 3.7009179e-14 
2.586663e-10 3.6733797e-14 
2.604785e-10 3.7072035e-14 
3.002234e-10 3.7060749e-14 
2.807437e-10 3.7053423e-14 
2.770219e-10 3.7123587e-14 
2.627948e-10 3.6701838e-14 
2.57024e-10 3.6967473e-14 
2.909077e-10 3.7286901e-14 
2.63776e-10 3.7014777e-14 
2.58685e-10 3.6954378e-14 
2.662341e-10 3.7048275e-14 
2.488647e-10 3.7073016e-14 
2.816063e-10 3.6953721e-14 
2.770792e-10 3.7093464e-14 
2.811261e-10 3.7036431e-14 
2.78926e-10 3.7092402e-14 
2.680274e-10 3.6994581e-14 
2.676731e-10 3.7002321e-14 
2.741718e-10 3.6958059e-14 
2.811209e-10 3.7032426e-14 
2.634534e-10 3.6926046e-14 
2.732795e-10 3.6992304e-14 
2.605888e-10 3.6902934e-14 
2.744238e-10 3.7072611e-14 
2.741107e-10 3.7055079e-14 
2.712198e-10 3.7006164e-14 
2.644426e-10 3.6868068e-14 
2.805689e-10 3.7069479e-14 
2.652159e-10 3.6792288e-14 
2.743229e-10 3.7187397e-14 
2.758962e-10 3.7043631e-14 
2.796432e-10 3.705957e-14 
2.851854e-10 3.7000107e-14 
2.723824e-10 3.6992961e-14 
2.686284e-10 3.6769527e-14 
2.616508e-10 3.6988164e-14 
2.807744e-10 3.7066824e-14 
2.537823e-10 3.6935262e-14 
2.52506e-10 3.6855558e-14 
2.892292e-10 3.7242765e-14 
2.772868e-10 3.6803169e-14 
2.565983e-10 3.6839988e-14 
2.714938e-10 3.7086003e-14 
2.814413e-10 3.6781569e-14 
2.799317e-10 3.7016244e-14 
2.645453e-10 3.6927576e-14 
2.804291e-10 3.7161387e-14 
2.730909e-10 3.7061586e-14 
2.835011e-10 3.7088532e-14 
2.624575e-10 3.7015155e-14 
2.691694e-10 3.6948177e-14 
2.810753e-10 3.7218213e-14 
2.691162e-10 3.6920007e-14 
2.783714e-10 3.713301e-14 
2.664718e-10 3.684456e-14 
2.781233e-10 3.7050651e-14 
2.920811e-10 3.6884223e-14 
2.657012e-10 3.7125504e-14 
2.702512e-10 3.688209e-14 
2.766373e-10 3.6815769e-14 
2.654936e-10 3.718494e-14 
2.700199e-10 3.7069416e-14 
2.869004e-10 3.712122e-14 
2.507605e-10 3.6770823e-14 
2.648548e-10 3.6991161e-14 
2.512527e-10 3.6867636e-14 
2.655636e-10 3.6905112e-14 
2.844289e-10 3.7126449e-14 
2.706249e-10 3.689928e-14 
2.712305e-10 3.6843912e-14 
2.713917e-10 3.6962514e-14 
2.743943e-10 3.7336608e-14 
2.576365e-10 3.7214253e-14 
2.645552e-10 3.6910845e-14 
2.798998e-10 3.7190214e-14 
2.697552e-10 3.6988011e-14 
2.6083e-10 3.6814689e-14 
2.677411e-10 3.7011942e-14 
2.701148e-10 3.7082781e-14 
2.747926e-10 3.7006902e-14 
2.750611e-10 3.6842643e-14 
2.649571e-10 3.6921168e-14 
2.788033e-10 3.6921717e-14 
2.875862e-10 3.7241838e-14 
2.767444e-10 3.7021068e-14 
2.588587e-10 3.7042353e-14 
2.918795e-10 3.6964053e-14 
2.767541e-10 3.689001e-14 
2.738517e-10 3.6857439e-14 
2.659502e-10 3.6981558e-14 
2.852934e-10 3.7153314e-14 
2.72845e-10 3.7074699e-14 
2.734168e-10 3.7198179e-14 
2.90349e-10 3.7002249e-14 
2.55606e-10 3.6969876e-14 
2.580387e-10 3.6878517e-14 
2.750022e-10 3.6965403e-14 
2.896531e-10 3.6995337e-14 
2.940616e-10 3.725082e-14 
2.571538e-10 3.7150137e-14 
2.723542e-10 3.7361061e-14 
2.813752e-10 3.7438866e-14 
2.55752e-10 3.7183743e-14 
2.897582e-10 3.6860805e-14 
2.730664e-10 3.6816417e-14 
2.808106e-10 3.6819963e-14 
2.757367e-10 3.6877248e-14 
2.990083e-10 3.7094724e-14 
2.680598e-10 3.7044036e-14 
2.680714e-10 3.7001619e-14 
2.754307e-10 3.7231038e-14 
2.688894e-10 3.6974754e-14 
2.579291e-10 3.679515e-14 
2.814606e-10 3.6917469e-14 
2.670974e-10 3.7063818e-14 
2.643874e-10 3.6878067e-14 
2.584812e-10 3.7194192e-14 
2.638612e-10 3.7130193e-14 
2.612166e-10 3.6940563e-14 
2.856751e-10 3.7072953e-14 
2.957988e-10 3.6927495e-14 
2.801318e-10 3.6905292e-14 
2.922293e-10 3.6890451e-14 
2.890982e-10 3.6919296e-14 
2.533967e-10 3.6956547e-14 
2.558617e-10 3.6788166e-14 
2.808245e-10 3.7181421e-14 
2.887967e-10 3.7277559e-14 
2.72233e-10 3.7199655e-14 
3.048357e-10 3.6777006e-14 
2.803653e-10 3.7066896e-14 
2.879502e-10 3.7068165e-14 
2.722961e-10 3.6831798e-14 
2.792477e-10 3.7222875e-14 
2.622394e-10 3.6917037e-14 
2.680186e-10 3.7079757e-14 
2.491986e-10 3.6748683e-14 
2.601632e-10 3.7000476e-14 
2.735314e-10 3.7085148e-14 
2.87252e-10 3.6894969e-14 
2.782558e-10 3.7093338e-14 
2.749652e-10 3.720663e-14 
2.831329e-10 3.7009548e-14 
2.771275e-10 3.6812439e-14 
2.691862e-10 3.6921447e-14 
2.802398e-10 3.7040922e-14 
2.757674e-10 3.6870606e-14 
2.805945e-10 3.7000773e-14 
2.780604e-10 3.7131588e-14 
2.87274e-10 3.691908e-14 
2.717399e-10 3.7181763e-14 
2.668041e-10 3.6925128e-14 
2.647742e-10 3.6706419e-14 
2.763414e-10 3.6810045e-14 
2.750964e-10 3.707307e-14 
2.612587e-10 3.6990027e-14 
2.548055e-10 3.7112427e-14 
2.505892e-10 3.7022832e-14 
2.798658e-10 3.6947286e-14 
2.86767e-10 3.7152018e-14 
2.874774e-10 3.6709893e-14 
2.508402e-10 3.6839376e-14 
2.770142e-10 3.7050318e-14 
2.775255e-10 3.6939996e-14 
2.625638e-10 3.7200546e-14 
2.640997e-10 3.6910926e-14 
2.968032e-10 3.7021455e-14 
2.702242e-10 3.7030986e-14 
2.845178e-10 3.6989244e-14 
2.742015e-10 3.673107e-14 
2.759957e-10 3.7083483e-14 
2.728915e-10 3.7079469e-14 
2.771391e-10 3.7123119e-14 
2.740757e-10 3.7308726e-14 
2.760635e-10 3.6827217e-14 
2.939519e-10 3.7287612e-14 
2.770466e-10 3.6693873e-14 
2.783744e-10 3.6850581e-14 
2.548972e-10 3.7025487e-14 
2.797882e-10 3.715767e-14 
2.763158e-10 3.7192302e-14 
2.625488e-10 3.6929511e-14 
2.534491e-10 3.6987885e-14 
2.889313e-10 3.6984123e-14 
2.643014e-10 3.7252206e-14 
2.688431e-10 3.7170009e-14 
2.743732e-10 3.6877446e-14 
2.854443e-10 3.68415e-14 
2.634672e-10 3.7032705e-14 
2.811674e-10 3.6952335e-14 
2.741382e-10 3.6781002e-14 
2.932557e-10 3.7169388e-14 
2.704542e-10 3.7182474e-14 
2.893245e-10 3.6994437e-14 
2.773933e-10 3.7087434e-14 
2.803677e-10 3.6990504e-14 
2.708447e-10 3.7328886e-14 
2.743841e-10 3.6977481e-14 
2.662405e-10 3.7275579e-14 
2.774461e-10 3.706875e-14 
2.775089e-10 3.6995823e-14 
2.68216e-10 3.6965637e-14 
2.639697e-10 3.7011753e-14 
2.831843e-10 3.6774648e-14 
2.830537e-10 3.7072989e-14 
2.801958e-10 3.686688e-14 
2.751444e-10 3.6779913e-14 
2.658052e-10 3.6907074e-14 
2.676685e-10 3.6976104e-14 
2.695473e-10 3.6900342e-14 
2.862231e-10 3.7004769e-14 
2.864238e-10 3.7163178e-14 
2.93596e-10 3.689424e-14 
2.700899e-10 3.6699966e-14 
2.757689e-10 3.7280268e-14 
2.76812e-10 3.7160424e-14 
2.734176e-10 3.7094328e-14 
2.799087e-10 3.7314405e-14 
2.567335e-10 3.7012338e-14 
2.687834e-10 3.6931302e-14 
2.839082e-10 3.7135359e-14 
2.723496e-10 3.6878976e-14 
2.77076e-10 3.6902061e-14 
2.839811e-10 3.7285326e-14 
2.876731e-10 3.7020114e-14 
2.88605e-10 3.7074105e-14 
2.587535e-10 3.6895275e-14 
2.816021e-10 3.7155204e-14 
2.655542e-10 3.7008981e-14 
2.829448e-10 3.6822609e-14 
2.643206e-10 3.7210995e-14 
2.54709e-10 3.7093374e-14 
2.752056e-10 3.6861966e-14 
2.739227e-10 3.7161873e-14 
2.62496e-10 3.7202661e-14 
2.652207e-10 3.7265175e-14 
2.93984e-10 3.7443078e-14 
2.856867e-10 3.7228329e-14 
2.594095e-10 3.6876636e-14 
2.672268e-10 3.7149219e-14 
2.687327e-10 3.7038249e-14 
3.009886e-10 3.6988344e-14 
2.809591e-10 3.7032705e-14 
2.672376e-10 3.7128798e-14 
2.917507e-10 3.7022769e-14 
2.723954e-10 3.6870624e-14 
2.598553e-10 3.7199853e-14 
2.784725e-10 3.7080783e-14 
2.768861e-10 3.6961911e-14 
2.700735e-10 3.6875115e-14 
2.811417e-10 3.699072e-14 
2.605597e-10 3.6849069e-14 
2.883282e-10 3.6856953e-14 
2.615017e-10 3.6959607e-14 
2.834881e-10 3.7347489e-14 
2.56083e-10 3.710583e-14 
2.754502e-10 3.693816e-14 
2.82948e-10 3.6889047e-14 
2.50224e-10 3.6888228e-14 
2.655058e-10 3.6795969e-14 
2.666487e-10 3.6847332e-14 
2.707966e-10 3.7165104e-14 
2.688178e-10 3.7113624e-14 
2.764472e-10 3.6862029e-14 
2.78652e-10 3.7098918e-14 
2.851669e-10 3.6873486e-14 
2.59555e-10 3.6870876e-14 
2.624447e-10 3.6916623e-14 
2.750701e-10 3.720114e-14 
2.631768e-10 3.6829566e-14 
2.808514e-10 3.7107459e-14 
2.683144e-10 3.6880785e-14 
2.951321e-10 3.6975285e-14 
2.675909e-10 3.6853425e-14 
2.549397e-10 3.6911565e-14 
2.68093e-10 3.6911952e-14 
2.959612e-10 3.6846981e-14 
2.782167e-10 3.7000638e-14 
2.556672e-10 3.684393e-14 
2.674947e-10 3.7183131e-14 
2.715733e-10 3.6871362e-14 
2.614006e-10 3.725955e-14 
2.877132e-10 3.6944001e-14 
2.86287e-10 3.6836712e-14 
2.653073e-10 3.6927909e-14 
2.749722e-10 3.6923895e-14 
2.751689e-10 3.7067076e-14 
2.631398e-10 3.6708678e-14 
2.790873e-10 3.6939492e-14 
2.569188e-10 3.7180971e-14 
2.977997e-10 3.6955737e-14 
2.916463e-10 3.7079649e-14 
2.600418e-10 3.6925443e-14 
2.674573e-10 3.7140066e-14 
2.697803e-10 3.6910764e-14 
2.80109e-10 3.6892449e-14 
2.836032e-10 3.7010385e-14 
2.702999e-10 3.7288935e-14 
2.792463e-10 3.7244763e-14 
2.535021e-10 3.6907137e-14 
2.711385e-10 3.6858735e-14 
2.849532e-10 3.6970398e-14 
2.750345e-10 3.690711e-14 
2.630171e-10 3.7023822e-14 
2.675789e-10 3.7001187e-14 
2.520125e-10 3.6990342e-14 
2.918416e-10 3.7109781e-14 
2.737234e-10 3.7088109e-14 
2.625054e-10 3.7000413e-14 
2.63097e-10 3.6948384e-14 
2.681212e-10 3.7090935e-14 
2.631501e-10 3.7114011e-14 
3.03638e-10 3.714867e-14 
2.552647e-10 3.6996669e-14 
2.621231e-10 3.6833238e-14 
2.769574e-10 3.6981981e-14 
2.883188e-10 3.6941715e-14 
2.66703e-10 3.6901755e-14 
2.575706e-10 3.6971343e-14 
2.659012e-10 3.6647946e-14 
2.643162e-10 3.7045251e-14 
2.871464e-10 3.6893925e-14 
2.812486e-10 3.691503e-14 
2.69952e-10 3.7052532e-14 
2.966673e-10 3.6943911e-14 
2.887925e-10 3.7186254e-14 
2.927287e-10 3.704787e-14 
2.782895e-10 3.6921771e-14 
2.777086e-10 3.7188891e-14 
2.871769e-10 3.7053477e-14 
2.688321e-10 3.6876447e-14 
2.86105e-10 3.6947538e-14 
2.841502e-10 3.7217754e-14 
2.875084e-10 3.7098126e-14 
2.727384e-10 3.6797679e-14 
2.725928e-10 3.6901701e-14 
2.759479e-10 3.7073115e-14 
2.639844e-10 3.6642078e-14 
2.915938e-10 3.69801e-14 
2.814079e-10 3.703221e-14 
2.729524e-10 3.6903501e-14 
2.776537e-10 3.7036521e-14 
2.54166e-10 3.6999639e-14 
3.100037e-10 3.7246896e-14 
2.663772e-10 3.6895572e-14 
2.762844e-10 3.6987615e-14 
2.649655e-10 3.6946917e-14 
2.731337e-10 3.7083933e-14 
2.550561e-10 3.6852012e-14 
2.83513e-10 3.7041228e-14 
2.72535e-10 3.6835506e-14 
2.657121e-10 3.7072485e-14 
2.724193e-10 3.7072035e-14 
2.744963e-10 3.7172547e-14 
2.80058e-10 3.7070208e-14 
2.666488e-10 3.7059705e-14 
2.821038e-10 3.7032615e-14 
2.529073e-10 3.6933093e-14 
2.660737e-10 3.7159695e-14 
2.698624e-10 3.6921942e-14 
2.844021e-10 3.6994095e-14 
2.71908e-10 3.703923e-14 
2.713859e-10 3.6981891e-14 
2.910535e-10 3.722751e-14 
2.72628e-10 3.6772713e-14 
2.69026e-10 3.6925245e-14 
2.832465e-10 3.674844e-14 
2.686031e-10 3.7057221e-14 
2.901836e-10 3.7238589e-14 
2.713659e-10 3.701664e-14 
2.788096e-10 3.6981009e-14 
2.712744e-10 3.6976149e-14 
2.646068e-10 3.7047267e-14 
2.823536e-10 3.6957645e-14 
2.624541e-10 3.6803736e-14 
2.96979e-10 3.6909036e-14 
2.851859e-10 3.6794664e-14 
2.743538e-10 3.7051056e-14 
2.608762e-10 3.7004625e-14 
2.831185e-10 3.7068435e-14 
2.793343e-10 3.6903447e-14 
2.72349e-10 3.6879714e-14 
2.888561e-10 3.7241811e-14 
2.670082e-10 3.6859986e-14 
2.631175e-10 3.6978579e-14 
2.726003e-10 3.7119015e-14 
2.649827e-10 3.6997137e-14 
2.869777e-10 3.714102e-14 
2.645531e-10 3.6925866e-14 
2.682261e-10 3.7111653e-14 
2.523181e-10 3.6916848e-14 
2.870345e-10 3.7002042e-14 
2.686171e-10 3.7281213e-14 
2.866873e-10 3.737178e-14 
2.695058e-10 3.7224423e-14 
2.866839e-10 3.6946836e-14 
2.746108e-10 3.7023606e-14 
2.845227e-10 3.7410327e-14 
2.694397e-10 3.6935595e-14 
2.675914e-10 3.708765e-14 
3.006313e-10 3.6799119e-14 
2.669033e-10 3.7048914e-14 
2.890045e-10 3.6695826e-14 
2.708585e-10 3.6936486e-14 
2.785384e-10 3.6886851e-14 
2.741445e-10 3.6836568e-14 
2.580797e-10 3.6761463e-14 
2.73099e-10 3.7148337e-14 
2.967333e-10 3.7200618e-14 
2.64012e-10 3.6815211e-14 
2.706197e-10 3.6717381e-14 
2.82861e-10 3.683106e-14 
2.825741e-10 3.6753138e-14 
2.736362e-10 3.6778527e-14 
2.727426e-10 3.6925875e-14 
2.869485e-10 3.6845226e-14 
2.773542e-10 3.6994959e-14 
2.672977e-10 3.6921402e-14 
2.797232e-10 3.7119672e-14 
2.844946e-10 3.6985455e-14 
2.697302e-10 3.6797067e-14 
2.650475e-10 3.6918585e-14 
2.921327e-10 3.7043622e-14 
2.652284e-10 3.6610749e-14 
2.649405e-10 3.7220067e-14 
2.709308e-10 3.691557e-14 
2.823735e-10 3.7006938e-14 
2.660554e-10 3.7261314e-14 
2.698093e-10 3.7193481e-14 
2.613555e-10 3.729222e-14 
2.744602e-10 3.6931518e-14 
2.642107e-10 3.7003347e-14 
2.683181e-10 3.6830961e-14 
2.924178e-10 3.6863766e-14 
2.586523e-10 3.6931158e-14 
2.812382e-10 3.7298106e-14 
2.806586e-10 3.7292067e-14 
2.807568e-10 3.7070685e-14 
2.783411e-10 3.6831447e-14 
2.791117e-10 3.6939357e-14 
2.883417e-10 3.7014849e-14 
2.721008e-10 3.698955e-14 
2.705787e-10 3.7035855e-14 
2.686417e-10 3.6944604e-14 
2.790828e-10 3.7217466e-14 
2.778573e-10 3.7208673e-14 
2.704907e-10 3.6958068e-14 
2.826754e-10 3.7094589e-14 
2.838544e-10 3.66939e-14 
2.712835e-10 3.7104867e-14 
2.598849e-10 3.6815004e-14 
2.815736e-10 3.7120365e-14 
2.489825e-10 3.6921447e-14 
2.832669e-10 3.710115e-14 
2.752098e-10 3.6905571e-14 
2.91789e-10 3.6796293e-14 
2.537073e-10 3.7016928e-14 
2.690204e-10 3.7196964e-14 
2.79961e-10 3.6953937e-14 
2.934677e-10 3.7009044e-14 
2.835131e-10 3.7009728e-14 
2.976943e-10 3.7031526e-14 
2.817362e-10 3.7316988e-14 
2.830385e-10 3.723174e-14 
2.699078e-10 3.6951849e-14 
2.810556e-10 3.6978543e-14 
2.613281e-10 3.7116639e-14 
2.692877e-10 3.7007226e-14 
2.759392e-10 3.6989199e-14 
2.729179e-10 3.7006713e-14 
2.828999e-10 3.6986751e-14 
2.625887e-10 3.7078866e-14 
2.618536e-10 3.7104174e-14 
2.781326e-10 3.7082538e-14 
2.874971e-10 3.7213848e-14 
2.833832e-10 3.7232487e-14 
2.634949e-10 3.6989793e-14 
2.843407e-10 3.6886041e-14 
2.652714e-10 3.6847674e-14 
2.583127e-10 3.7056231e-14 
2.717743e-10 3.7138338e-14 
2.839866e-10 3.6831141e-14 
2.726233e-10 3.6818613e-14 
2.6911e-10 3.6764478e-14 
2.584098e-10 3.7003482e-14 
2.58705e-10 3.6888138e-14 
2.89183e-10 3.7021491e-14 
2.599987e-10 3.6994932e-14 
2.729654e-10 3.718755e-14 
2.76339e-10 3.7167669e-14 
2.553972e-10 3.6986112e-14 
2.55606e-10 3.6969876e-14 
2.643452e-10 3.6879921e-14 
2.683112e-10 3.6826191e-14 
2.845795e-10 3.7325646e-14 
2.79969e-10 3.6958356e-14 
2.850957e-10 3.7002942e-14 
2.780705e-10 3.6866997e-14 
2.822605e-10 3.7224576e-14 
2.796751e-10 3.6884097e-14 
2.819562e-10 3.7281861e-14 
2.805667e-10 3.6946863e-14 
2.855214e-10 3.7098036e-14 
2.735184e-10 3.7087065e-14 
2.850125e-10 3.6985455e-14 
2.59965e-10 3.7243926e-14 
2.613113e-10 3.6933192e-14 
2.963888e-10 3.7004625e-14 
2.758537e-10 3.7046232e-14 
2.841335e-10 3.702609e-14 
2.652182e-10 3.6955332e-14 
2.861717e-10 3.7249155e-14 
2.743808e-10 3.6898317e-14 
2.732213e-10 3.7119375e-14 
2.790054e-10 3.6976815e-14 
2.801968e-10 3.7011816e-14 
2.606569e-10 3.7219059e-14 
