2.95235e-10 3.194982e-14 
2.975087e-10 3.1750002e-14 
2.922258e-10 3.189951e-14 
2.905677e-10 3.1939677e-14 
2.896652e-10 3.170385e-14 
2.948691e-10 3.195414e-14 
2.808928e-10 3.1826313e-14 
2.930889e-10 3.1748517e-14 
2.877822e-10 3.1891401e-14 
2.744098e-10 3.2026032e-14 
3.046193e-10 3.1805415e-14 
2.875886e-10 3.1962141e-14 
2.898865e-10 3.2138154e-14 
2.95634e-10 3.1795524e-14 
2.877609e-10 3.2239638e-14 
2.807981e-10 3.2097123e-14 
2.937028e-10 3.1903299e-14 
2.83023e-10 3.200751e-14 
2.893616e-10 3.1734882e-14 
2.930652e-10 3.1910949e-14 
2.844513e-10 3.1880466e-14 
3.056973e-10 3.1911903e-14 
2.784678e-10 3.2079348e-14 
2.80636e-10 3.192327e-14 
2.776158e-10 3.2164893e-14 
2.953016e-10 3.1933341e-14 
2.786951e-10 3.1942701e-14 
2.935244e-10 3.2193783e-14 
3.113862e-10 3.189861e-14 
2.903736e-10 3.1878423e-14 
2.897559e-10 3.2007663e-14 
2.692891e-10 3.1981239e-14 
3.119859e-10 3.1865652e-14 
2.847278e-10 3.2043222e-14 
2.702741e-10 3.197358e-14 
3.021959e-10 3.1975911e-14 
2.834176e-10 3.1881537e-14 
2.847957e-10 3.2082102e-14 
2.729934e-10 3.1899852e-14 
2.838617e-10 3.200058e-14 
2.987199e-10 3.1756122e-14 
2.945987e-10 3.1648212e-14 
2.95265e-10 3.1980348e-14 
3.042265e-10 3.1884399e-14 
2.832792e-10 3.1696335e-14 
2.958394e-10 3.1991616e-14 
2.842714e-10 3.2011911e-14 
2.922118e-10 3.2140773e-14 
2.947532e-10 3.1964202e-14 
2.708109e-10 3.1943088e-14 
2.785201e-10 3.1890753e-14 
2.724415e-10 3.2208048e-14 
2.829846e-10 3.1911309e-14 
2.856673e-10 3.2031171e-14 
2.883756e-10 3.1848057e-14 
2.83405e-10 3.2166342e-14 
2.843538e-10 3.187719e-14 
2.820689e-10 3.1897242e-14 
2.693629e-10 3.1890861e-14 
2.875103e-10 3.1690251e-14 
2.822832e-10 3.1687632e-14 
2.837852e-10 3.1779351e-14 
2.689367e-10 3.1874049e-14 
2.820568e-10 3.1837788e-14 
2.915244e-10 3.1789584e-14 
2.674435e-10 3.183345e-14 
2.82184e-10 3.2200254e-14 
2.957453e-10 3.1817205e-14 
2.622337e-10 3.183084e-14 
2.908664e-10 3.1925304e-14 
2.882082e-10 3.1985298e-14 
2.839586e-10 3.2179581e-14 
2.775188e-10 3.1886307e-14 
2.81524e-10 3.2036193e-14 
2.939009e-10 3.1978503e-14 
2.772624e-10 3.1862187e-14 
2.853997e-10 3.1754907e-14 
2.68918e-10 3.1830174e-14 
2.803545e-10 3.190608e-14 
2.757931e-10 3.1824666e-14 
2.980096e-10 3.1951116e-14 
3.035464e-10 3.1864707e-14 
2.825377e-10 3.2197194e-14 
2.67573e-10 3.179979e-14 
2.846389e-10 3.2140287e-14 
3.016013e-10 3.1865427e-14 
2.878387e-10 3.1837113e-14 
2.884032e-10 3.1943799e-14 
2.830211e-10 3.2124735e-14 
2.935647e-10 3.1978116e-14 
2.969366e-10 3.1858767e-14 
3.089092e-10 3.1797801e-14 
2.936424e-10 3.2010966e-14 
2.728417e-10 3.2049945e-14 
2.931687e-10 3.1701861e-14 
2.834141e-10 3.1847607e-14 
2.826154e-10 3.2076531e-14 
2.826172e-10 3.1765923e-14 
3.002269e-10 3.1770279e-14 
2.776092e-10 3.1852035e-14 
2.868906e-10 3.1954716e-14 
2.817029e-10 3.1972338e-14 
2.758341e-10 3.1861053e-14 
2.967682e-10 3.1924935e-14 
2.886553e-10 3.1706829e-14 
2.775253e-10 3.2044104e-14 
2.998441e-10 3.1797621e-14 
2.838658e-10 3.1964337e-14 
2.717407e-10 3.2097483e-14 
2.943972e-10 3.1960017e-14 
2.854763e-10 3.1787793e-14 
2.681087e-10 3.1959567e-14 
2.810934e-10 3.2010435e-14 
2.950116e-10 3.177882e-14 
2.787899e-10 3.1752468e-14 
3.043389e-10 3.1966605e-14 
2.870883e-10 3.1800006e-14 
2.637483e-10 3.1784454e-14 
2.650919e-10 3.2244489e-14 
2.940565e-10 3.1900428e-14 
2.821658e-10 3.1864167e-14 
2.82536e-10 3.1804794e-14 
2.73377e-10 3.1823901e-14 
2.786454e-10 3.1776984e-14 
2.92185e-10 3.1755969e-14 
3.033544e-10 3.1898457e-14 
2.824086e-10 3.1613094e-14 
2.759628e-10 3.1867857e-14 
2.908154e-10 3.1751235e-14 
2.924146e-10 3.1753593e-14 
2.927147e-10 3.1874238e-14 
3.024666e-10 3.2022081e-14 
2.691424e-10 3.2034321e-14 
3.136689e-10 3.1851801e-14 
2.940355e-10 3.189753e-14 
2.81333e-10 3.1840515e-14 
2.948142e-10 3.1914045e-14 
2.776974e-10 3.1837842e-14 
3.026058e-10 3.1962204e-14 
2.964958e-10 3.189348e-14 
2.637104e-10 3.1953204e-14 
2.807289e-10 3.1880331e-14 
2.970882e-10 3.1969449e-14 
3.017597e-10 3.1865427e-14 
3.17263e-10 3.181905e-14 
2.99722e-10 3.1987557e-14 
2.839805e-10 3.1695957e-14 
2.935781e-10 3.1982175e-14 
2.763447e-10 3.1759785e-14 
2.74474e-10 3.194982e-14 
2.868209e-10 3.1745853e-14 
2.955769e-10 3.2174343e-14 
2.907494e-10 3.2118516e-14 
2.92514e-10 3.1829697e-14 
2.869992e-10 3.1786569e-14 
2.897916e-10 3.2175315e-14 
2.872308e-10 3.1753449e-14 
3.093074e-10 3.183066e-14 
2.684794e-10 3.2058405e-14 
2.765832e-10 3.1714245e-14 
2.605133e-10 3.1948155e-14 
2.813474e-10 3.176118e-14 
2.885084e-10 3.19041e-14 
2.911709e-10 3.1832307e-14 
2.871527e-10 3.1872978e-14 
2.8689e-10 3.2043105e-14 
2.877419e-10 3.1819473e-14 
2.828973e-10 3.2186826e-14 
2.867822e-10 3.1807935e-14 
2.943896e-10 3.2095341e-14 
2.769563e-10 3.198654e-14 
2.677783e-10 3.1802877e-14 
2.747634e-10 3.1799664e-14 
2.615296e-10 3.2091885e-14 
2.947272e-10 3.1873284e-14 
2.819189e-10 3.1875714e-14 
2.836025e-10 3.187908e-14 
2.861771e-10 3.1698009e-14 
2.648625e-10 3.1923351e-14 
2.797656e-10 3.1958568e-14 
2.897584e-10 3.1663359e-14 
2.845123e-10 3.1662792e-14 
2.841519e-10 3.1797666e-14 
2.722404e-10 3.1793814e-14 
2.837731e-10 3.2196231e-14 
2.728566e-10 3.1904055e-14 
3.012398e-10 3.1939011e-14 
2.856785e-10 3.2199741e-14 
2.781724e-10 3.1753404e-14 
2.749126e-10 3.1672683e-14 
3.016569e-10 3.1779873e-14 
2.840551e-10 3.1876659e-14 
2.804541e-10 3.178188e-14 
2.786701e-10 3.1968126e-14 
2.921925e-10 3.2005602e-14 
2.959808e-10 3.1892895e-14 
2.900547e-10 3.2182092e-14 
2.799556e-10 3.2076387e-14 
2.781167e-10 3.1756896e-14 
2.668127e-10 3.1608243e-14 
2.975087e-10 3.1750002e-14 
2.866113e-10 3.1854735e-14 
2.881585e-10 3.2007492e-14 
3.009305e-10 3.1986558e-14 
2.721323e-10 3.2162211e-14 
2.78185e-10 3.1819095e-14 
2.696382e-10 3.1801743e-14 
2.998798e-10 3.1937823e-14 
3.199108e-10 3.1617837e-14 
2.718538e-10 3.2014134e-14 
2.777701e-10 3.1896234e-14 
3.015537e-10 3.2152797e-14 
2.992636e-10 3.1796271e-14 
2.765712e-10 3.2154021e-14 
3.027197e-10 3.200778e-14 
2.879761e-10 3.1894119e-14 
2.921e-10 3.1902849e-14 
2.974914e-10 3.2020434e-14 
3.010478e-10 3.1959396e-14 
2.99427e-10 3.1859775e-14 
2.898779e-10 3.1847166e-14 
2.79652e-10 3.1919454e-14 
2.873814e-10 3.1806099e-14 
2.921509e-10 3.1927662e-14 
2.902065e-10 3.1903983e-14 
2.741658e-10 3.1713282e-14 
2.75707e-10 3.1668624e-14 
2.885997e-10 3.1794525e-14 
2.734703e-10 3.1782258e-14 
3.025186e-10 3.1836186e-14 
2.825569e-10 3.1711644e-14 
3.096724e-10 3.2027112e-14 
2.924681e-10 3.1808529e-14 
2.781774e-10 3.1814577e-14 
3.022366e-10 3.1808907e-14 
2.633332e-10 3.1682511e-14 
2.855222e-10 3.1996287e-14 
2.831704e-10 3.2051241e-14 
2.893197e-10 3.1967091e-14 
2.853172e-10 3.1737159e-14 
2.852532e-10 3.1825971e-14 
2.827718e-10 3.192993e-14 
2.989862e-10 3.1990392e-14 
2.91505e-10 3.1951908e-14 
2.770207e-10 3.1992903e-14 
2.820382e-10 3.1911912e-14 
2.870825e-10 3.1939533e-14 
2.92421e-10 3.1970817e-14 
2.926392e-10 3.1972527e-14 
2.795499e-10 3.1852134e-14 
2.971291e-10 3.1650489e-14 
2.740827e-10 3.1960332e-14 
2.932031e-10 3.1753305e-14 
2.754527e-10 3.1907853e-14 
2.668097e-10 3.1779702e-14 
2.790843e-10 3.1932288e-14 
2.803464e-10 3.1952322e-14 
2.730359e-10 3.1861422e-14 
2.899958e-10 3.2102001e-14 
2.701615e-10 3.2044824e-14 
2.980476e-10 3.1925934e-14 
2.8791e-10 3.1720869e-14 
2.886429e-10 3.1829697e-14 
2.94618e-10 3.1893984e-14 
2.92527e-10 3.2094432e-14 
2.806892e-10 3.2046381e-14 
2.826827e-10 3.1947399e-14 
2.760554e-10 3.1664124e-14 
3.007507e-10 3.178782e-14 
2.832773e-10 3.2005665e-14 
2.782334e-10 3.1986126e-14 
2.66325e-10 3.2072157e-14 
2.828819e-10 3.1819527e-14 
2.825848e-10 3.1793094e-14 
2.935618e-10 3.1898187e-14 
2.748048e-10 3.1799691e-14 
2.808471e-10 3.1878189e-14 
2.892189e-10 3.1823892e-14 
2.784446e-10 3.2137677e-14 
2.926301e-10 3.1830903e-14 
2.911515e-10 3.1874535e-14 
2.782143e-10 3.1666635e-14 
2.904645e-10 3.1833171e-14 
2.810856e-10 3.1814523e-14 
3.196458e-10 3.2015655e-14 
2.976833e-10 3.1988925e-14 
2.7774e-10 3.2016897e-14 
2.874689e-10 3.1803246e-14 
2.726319e-10 3.2083587e-14 
2.84909e-10 3.1844628e-14 
2.843728e-10 3.1820904e-14 
2.733903e-10 3.2217165e-14 
2.874547e-10 3.1996917e-14 
2.904096e-10 3.1910085e-14 
2.820091e-10 3.1979601e-14 
2.768742e-10 3.1949676e-14 
3.003641e-10 3.1834557e-14 
2.748615e-10 3.1898871e-14 
2.812999e-10 3.1751928e-14 
3.001642e-10 3.1967595e-14 
3.012583e-10 3.1994406e-14 
2.848297e-10 3.1992156e-14 
2.961769e-10 3.19788e-14 
2.878982e-10 3.2005899e-14 
2.682462e-10 3.1759839e-14 
2.882213e-10 3.1808835e-14 
2.706666e-10 3.2011596e-14 
2.947969e-10 3.1929876e-14 
2.79773e-10 3.1677885e-14 
2.85376e-10 3.200652e-14 
2.91065e-10 3.1779522e-14 
3.011026e-10 3.1999212e-14 
2.650977e-10 3.1940388e-14 
2.8257e-10 3.1918941e-14 
2.892522e-10 3.1856652e-14 
2.983526e-10 3.2169168e-14 
3.062138e-10 3.1971276e-14 
3.048419e-10 3.19455e-14 
3.023521e-10 3.1874679e-14 
3.019539e-10 3.1568265e-14 
2.765721e-10 3.1911003e-14 
3.029135e-10 3.2108679e-14 
2.878174e-10 3.1684698e-14 
2.889151e-10 3.1963752e-14 
2.922443e-10 3.1983552e-14 
2.985879e-10 3.1793409e-14 
2.850789e-10 3.1988115e-14 
2.852433e-10 3.2048901e-14 
2.899627e-10 3.1736835e-14 
2.967886e-10 3.2036274e-14 
2.597477e-10 3.1994406e-14 
2.888319e-10 3.1755555e-14 
2.852334e-10 3.1797702e-14 
2.790687e-10 3.1936545e-14 
3.093458e-10 3.1947282e-14 
2.742104e-10 3.1941621e-14 
2.683832e-10 3.1805892e-14 
2.890539e-10 3.2018625e-14 
2.961786e-10 3.1978683e-14 
2.819727e-10 3.1932387e-14 
2.928542e-10 3.2084802e-14 
2.987098e-10 3.1810383e-14 
2.996737e-10 3.1798944e-14 
2.767422e-10 3.1877118e-14 
2.897484e-10 3.1947795e-14 
2.861885e-10 3.1847922e-14 
2.825096e-10 3.2085747e-14 
2.916302e-10 3.1896504e-14 
2.887978e-10 3.1919895e-14 
2.737946e-10 3.1947957e-14 
3.0567e-10 3.1981878e-14 
2.943358e-10 3.192876e-14 
2.848329e-10 3.1927554e-14 
2.7572e-10 3.2038281e-14 
2.747391e-10 3.1725585e-14 
2.761225e-10 3.1779234e-14 
2.850038e-10 3.1944501e-14 
2.924904e-10 3.212001e-14 
3.022905e-10 3.2119335e-14 
2.90563e-10 3.1813875e-14 
2.731702e-10 3.2022117e-14 
2.776551e-10 3.1712562e-14 
2.84043e-10 3.1866345e-14 
2.811599e-10 3.2112603e-14 
2.749235e-10 3.1966533e-14 
2.719138e-10 3.1894461e-14 
2.757264e-10 3.1743198e-14 
3.130548e-10 3.1970709e-14 
2.791551e-10 3.1857264e-14 
2.827819e-10 3.1966155e-14 
2.833987e-10 3.1713534e-14 
2.748398e-10 3.1772421e-14 
2.71473e-10 3.2055156e-14 
2.828028e-10 3.184227e-14 
2.907247e-10 3.1976928e-14 
2.877468e-10 3.1847796e-14 
2.852181e-10 3.1852611e-14 
2.720039e-10 3.1948002e-14 
2.916022e-10 3.2113935e-14 
2.846465e-10 3.2101101e-14 
2.880847e-10 3.2136759e-14 
2.795443e-10 3.186423e-14 
2.660758e-10 3.186747e-14 
2.955978e-10 3.1826043e-14 
3.143671e-10 3.1820859e-14 
2.879555e-10 3.1691646e-14 
2.955384e-10 3.1975245e-14 
2.869893e-10 3.1703832e-14 
2.705307e-10 3.2046174e-14 
2.776019e-10 3.1775004e-14 
2.739484e-10 3.2092083e-14 
2.734289e-10 3.1839624e-14 
2.931195e-10 3.1944978e-14 
2.77002e-10 3.1954599e-14 
2.948551e-10 3.2052609e-14 
2.800742e-10 3.2181552e-14 
2.838808e-10 3.1983876e-14 
2.900833e-10 3.1994199e-14 
2.927032e-10 3.1775004e-14 
3.002455e-10 3.1744962e-14 
2.772116e-10 3.1912119e-14 
2.722161e-10 3.1741533e-14 
2.858964e-10 3.2015106e-14 
2.931736e-10 3.1778352e-14 
2.764976e-10 3.1961871e-14 
2.833042e-10 3.1837815e-14 
2.833178e-10 3.1865679e-14 
2.870663e-10 3.192327e-14 
2.808975e-10 3.1949028e-14 
2.864175e-10 3.2099805e-14 
2.782966e-10 3.1912965e-14 
2.76639e-10 3.1891698e-14 
2.858233e-10 3.1726611e-14 
2.939482e-10 3.1809132e-14 
2.843963e-10 3.1911894e-14 
3.081153e-10 3.1961547e-14 
2.969612e-10 3.2026752e-14 
2.807245e-10 3.1825341e-14 
3.047718e-10 3.1839777e-14 
2.723114e-10 3.1705218e-14 
2.686785e-10 3.190851e-14 
2.867893e-10 3.1977072e-14 
3.032436e-10 3.1986351e-14 
2.695941e-10 3.2044671e-14 
2.846687e-10 3.197997e-14 
2.806624e-10 3.1940118e-14 
2.822791e-10 3.1988025e-14 
2.867441e-10 3.2038893e-14 
2.920122e-10 3.1913028e-14 
2.912655e-10 3.2017878e-14 
2.924509e-10 3.2193414e-14 
2.718969e-10 3.194037e-14 
2.768428e-10 3.2083389e-14 
2.733598e-10 3.187395e-14 
3.009969e-10 3.20301e-14 
2.74074e-10 3.1833036e-14 
2.965392e-10 3.1965426e-14 
2.789234e-10 3.2066523e-14 
2.981105e-10 3.1748049e-14 
2.783364e-10 3.1949352e-14 
2.747293e-10 3.1836213e-14 
3.072277e-10 3.1849524e-14 
2.867185e-10 3.1711815e-14 
2.852101e-10 3.1965921e-14 
3.162022e-10 3.1867191e-14 
2.745088e-10 3.2048532e-14 
2.893406e-10 3.2157936e-14 
2.839852e-10 3.1876398e-14 
2.705076e-10 3.2123736e-14 
2.838768e-10 3.1769253e-14 
2.882345e-10 3.1810059e-14 
2.744562e-10 3.1838868e-14 
2.824516e-10 3.1840677e-14 
2.69872e-10 3.1929498e-14 
2.975538e-10 3.1744449e-14 
2.814272e-10 3.1856985e-14 
2.901274e-10 3.2297553e-14 
2.810046e-10 3.2053707e-14 
2.813273e-10 3.1975461e-14 
3.00712e-10 3.2191191e-14 
2.914456e-10 3.1954356e-14 
2.81746e-10 3.1989501e-14 
2.970101e-10 3.1824792e-14 
2.680794e-10 3.19842e-14 
2.761808e-10 3.1720689e-14 
2.882083e-10 3.1935816e-14 
2.702814e-10 3.1833621e-14 
2.990865e-10 3.1770477e-14 
2.95327e-10 3.1888638e-14 
2.879948e-10 3.1681737e-14 
2.921272e-10 3.1782069e-14 
2.808718e-10 3.1840128e-14 
2.970624e-10 3.184272e-14 
2.848464e-10 3.1986468e-14 
2.883361e-10 3.1959378e-14 
2.870059e-10 3.192669e-14 
2.760361e-10 3.1774644e-14 
2.852406e-10 3.1776795e-14 
2.798989e-10 3.2352984e-14 
2.878904e-10 3.1997664e-14 
3.015539e-10 3.1942422e-14 
2.826774e-10 3.1900599e-14 
2.913222e-10 3.1958253e-14 
2.805866e-10 3.1707477e-14 
2.747922e-10 3.1834035e-14 
2.901218e-10 3.1801743e-14 
2.990069e-10 3.1781673e-14 
3.046967e-10 3.1755096e-14 
2.735088e-10 3.2087952e-14 
2.835602e-10 3.2022693e-14 
2.731788e-10 3.1949676e-14 
2.898622e-10 3.1914459e-14 
2.891986e-10 3.1716369e-14 
2.879415e-10 3.1825674e-14 
2.857854e-10 3.2043096e-14 
2.77785e-10 3.1826691e-14 
2.599275e-10 3.1782861e-14 
2.87705e-10 3.1749165e-14 
2.740785e-10 3.1899555e-14 
2.902372e-10 3.1958091e-14 
3.012583e-10 3.1994406e-14 
2.798156e-10 3.2064426e-14 
2.651037e-10 3.2175162e-14 
2.671536e-10 3.1801599e-14 
3.032739e-10 3.1878522e-14 
2.725012e-10 3.1953798e-14 
2.901601e-10 3.1879962e-14 
2.863312e-10 3.1821057e-14 
2.987753e-10 3.2010732e-14 
2.810714e-10 3.2028678e-14 
2.77869e-10 3.1889043e-14 
2.870675e-10 3.2377509e-14 
2.76322e-10 3.1876668e-14 
2.776759e-10 3.162087e-14 
3.096758e-10 3.1832361e-14 
2.899585e-10 3.1932945e-14 
2.779808e-10 3.1845627e-14 
2.774804e-10 3.1816431e-14 
2.864622e-10 3.191499e-14 
2.819508e-10 3.2018031e-14 
2.899617e-10 3.1938597e-14 
2.847947e-10 3.199905e-14 
3.000738e-10 3.2117382e-14 
2.815747e-10 3.1809726e-14 
2.87774e-10 3.2000913e-14 
2.767582e-10 3.1739742e-14 
3.070417e-10 3.1950378e-14 
2.878589e-10 3.1882014e-14 
2.799654e-10 3.1655979e-14 
2.926519e-10 3.2020515e-14 
2.800103e-10 3.1771845e-14 
2.784821e-10 3.1947381e-14 
2.769585e-10 3.1648914e-14 
2.983461e-10 3.1862052e-14 
2.75556e-10 3.1792257e-14 
2.892169e-10 3.1862826e-14 
2.908295e-10 3.2102217e-14 
2.889423e-10 3.1787883e-14 
2.702275e-10 3.1730076e-14 
2.687465e-10 3.1737897e-14 
2.765816e-10 3.1769964e-14 
2.761075e-10 3.1803057e-14 
2.782488e-10 3.1826529e-14 
2.91068e-10 3.182553e-14 
2.9136e-10 3.2073615e-14 
2.829549e-10 3.1988745e-14 
2.717969e-10 3.1836546e-14 
2.72564e-10 3.2039685e-14 
2.777211e-10 3.1995837e-14 
2.870607e-10 3.1808736e-14 
2.885383e-10 3.176118e-14 
2.702253e-10 3.1952682e-14 
2.958247e-10 3.2061627e-14 
2.721357e-10 3.2057631e-14 
2.9621e-10 3.1897296e-14 
2.799301e-10 3.1863339e-14 
2.892609e-10 3.1785867e-14 
2.840237e-10 3.2103747e-14 
2.751314e-10 3.1716477e-14 
2.81301e-10 3.1946553e-14 
2.849986e-10 3.1954131e-14 
2.969928e-10 3.2093172e-14 
2.886846e-10 3.1775166e-14 
2.799924e-10 3.1915665e-14 
2.802135e-10 3.1914909e-14 
2.705767e-10 3.1818879e-14 
2.831847e-10 3.1965579e-14 
3.156332e-10 3.1856679e-14 
2.681626e-10 3.1986459e-14 
2.962509e-10 3.1861143e-14 
2.885041e-10 3.1840551e-14 
2.890029e-10 3.181923e-14 
2.988284e-10 3.1826979e-14 
2.811367e-10 3.2052411e-14 
2.701258e-10 3.1700457e-14 
2.692735e-10 3.1770306e-14 
2.711754e-10 3.2198445e-14 
2.786796e-10 3.1863582e-14 
2.819515e-10 3.1771656e-14 
2.908711e-10 3.2061348e-14 
2.701024e-10 3.1748058e-14 
2.776351e-10 3.1796775e-14 
2.675469e-10 3.2003613e-14 
2.991774e-10 3.171384e-14 
2.768067e-10 3.2073786e-14 
2.807596e-10 3.1939092e-14 
2.896583e-10 3.1777353e-14 
2.862596e-10 3.2069304e-14 
2.737747e-10 3.198384e-14 
2.835341e-10 3.1889835e-14 
2.918176e-10 3.1999779e-14 
2.978754e-10 3.1704759e-14 
3.108649e-10 3.1922595e-14 
2.90723e-10 3.1813839e-14 
2.732192e-10 3.1876479e-14 
2.981626e-10 3.1789278e-14 
3.021658e-10 3.1884894e-14 
2.869357e-10 3.195513e-14 
2.906695e-10 3.1937094e-14 
2.818663e-10 3.1794777e-14 
2.86129e-10 3.1938804e-14 
2.971044e-10 3.1797018e-14 
2.764983e-10 3.1702293e-14 
2.921167e-10 3.2171715e-14 
2.822188e-10 3.1821084e-14 
3.000999e-10 3.1862007e-14 
2.780205e-10 3.2078223e-14 
2.961657e-10 3.1753098e-14 
2.800904e-10 3.1893138e-14 
3.015786e-10 3.1876794e-14 
2.89094e-10 3.1983165e-14 
2.745908e-10 3.1826574e-14 
2.745093e-10 3.185415e-14 
2.740449e-10 3.1795299e-14 
2.909255e-10 3.2039757e-14 
2.930573e-10 3.1951899e-14 
2.901528e-10 3.174165e-14 
2.741799e-10 3.1808439e-14 
2.865168e-10 3.1809447e-14 
2.794215e-10 3.1855563e-14 
3.000577e-10 3.205818e-14 
2.707569e-10 3.1771017e-14 
2.880169e-10 3.1844061e-14 
2.843864e-10 3.2051925e-14 
2.738201e-10 3.189249e-14 
2.830231e-10 3.1981185e-14 
2.897534e-10 3.1963446e-14 
2.941856e-10 3.1787415e-14 
2.894564e-10 3.1773501e-14 
2.932036e-10 3.2006682e-14 
2.829575e-10 3.1702041e-14 
2.942265e-10 3.2013324e-14 
3.125809e-10 3.1884111e-14 
2.629757e-10 3.1976694e-14 
2.80945e-10 3.1729122e-14 
2.740119e-10 3.1953348e-14 
2.786731e-10 3.1746834e-14 
2.815299e-10 3.2067018e-14 
3.059557e-10 3.1807449e-14 
2.819846e-10 3.1911327e-14 
2.841316e-10 3.204117e-14 
2.918711e-10 3.1853196e-14 
3.126581e-10 3.1943619e-14 
3.001096e-10 3.1798386e-14 
2.975737e-10 3.187872e-14 
2.827146e-10 3.1810878e-14 
2.874239e-10 3.1906278e-14 
2.873519e-10 3.2034033e-14 
2.890767e-10 3.1867371e-14 
2.773562e-10 3.1951485e-14 
2.719864e-10 3.1824819e-14 
2.82126e-10 3.1838751e-14 
3.019232e-10 3.1601898e-14 
2.878481e-10 3.1881888e-14 
2.959084e-10 3.2204619e-14 
2.95658e-10 3.2021001e-14 
2.93211e-10 3.1834404e-14 
2.814026e-10 3.2080545e-14 
2.882286e-10 3.190095e-14 
2.778579e-10 3.200202e-14 
2.859559e-10 3.1778766e-14 
2.795614e-10 3.1822326e-14 
2.903108e-10 3.1788504e-14 
2.821768e-10 3.2009796e-14 
2.914317e-10 3.1833783e-14 
2.792623e-10 3.2135679e-14 
2.804067e-10 3.1820868e-14 
2.901385e-10 3.1927077e-14 
2.810654e-10 3.1884804e-14 
2.771876e-10 3.2084019e-14 
2.967527e-10 3.1897845e-14 
2.675341e-10 3.2038731e-14 
2.832737e-10 3.1835385e-14 
2.996596e-10 3.1808763e-14 
2.900651e-10 3.1833522e-14 
2.897282e-10 3.1828842e-14 
2.656166e-10 3.191013e-14 
3.090011e-10 3.2019318e-14 
2.991344e-10 3.1787316e-14 
2.693479e-10 3.2008248e-14 
2.880532e-10 3.1821795e-14 
2.97695e-10 3.1882932e-14 
2.741129e-10 3.1996998e-14 
2.80615e-10 3.2005845e-14 
2.753016e-10 3.1912479e-14 
2.892054e-10 3.1951206e-14 
2.842107e-10 3.2245506e-14 
2.746169e-10 3.2061375e-14 
2.77496e-10 3.2110128e-14 
2.818831e-10 3.1883958e-14 
2.830166e-10 3.1695552e-14 
2.900448e-10 3.1950441e-14 
2.949058e-10 3.1939317e-14 
2.892205e-10 3.1993092e-14 
2.934604e-10 3.2092803e-14 
2.746529e-10 3.1813848e-14 
2.821782e-10 3.191958e-14 
2.998246e-10 3.2244831e-14 
2.607909e-10 3.2086206e-14 
2.894724e-10 3.204612e-14 
3.043766e-10 3.1892031e-14 
2.906726e-10 3.1976613e-14 
2.833105e-10 3.1870566e-14 
2.800025e-10 3.1873176e-14 
2.69313e-10 3.1783473e-14 
3.030774e-10 3.1809519e-14 
2.84449e-10 3.187134e-14 
2.855896e-10 3.180753e-14 
2.948582e-10 3.1837446e-14 
2.755129e-10 3.1822587e-14 
3.069113e-10 3.1803759e-14 
2.987814e-10 3.1917384e-14 
2.848175e-10 3.1986036e-14 
2.69535e-10 3.1798062e-14 
2.896425e-10 3.2224743e-14 
2.75065e-10 3.1836816e-14 
2.976507e-10 3.1989852e-14 
2.915944e-10 3.1965462e-14 
2.915677e-10 3.1904226e-14 
2.802799e-10 3.1921713e-14 
2.977183e-10 3.1889574e-14 
2.80765e-10 3.1906881e-14 
2.885703e-10 3.1869153e-14 
2.772143e-10 3.2214537e-14 
2.864968e-10 3.1705173e-14 
2.845434e-10 3.181797e-14 
2.787047e-10 3.1889673e-14 
2.997138e-10 3.1772988e-14 
2.829696e-10 3.1839678e-14 
2.910438e-10 3.2225715e-14 
2.942958e-10 3.1842639e-14 
2.787509e-10 3.1778199e-14 
2.928856e-10 3.1711761e-14 
3.129405e-10 3.1883265e-14 
2.756139e-10 3.18429e-14 
2.74189e-10 3.1854168e-14 
2.962734e-10 3.1890276e-14 
2.846441e-10 3.1754304e-14 
2.753291e-10 3.1894308e-14 
2.73867e-10 3.2087088e-14 
2.993025e-10 3.200418e-14 
2.802626e-10 3.1845654e-14 
2.767323e-10 3.2165784e-14 
2.884598e-10 3.2065407e-14 
2.863678e-10 3.1757859e-14 
2.826803e-10 3.1862952e-14 
2.878799e-10 3.1898745e-14 
2.989058e-10 3.179106e-14 
2.816509e-10 3.1906395e-14 
2.842811e-10 3.1959423e-14 
2.886781e-10 3.1982805e-14 
2.888639e-10 3.176451e-14 
2.881766e-10 3.1947813e-14 
2.871328e-10 3.1862574e-14 
2.910834e-10 3.1842864e-14 
2.893468e-10 3.1983606e-14 
2.858316e-10 3.2085864e-14 
2.694924e-10 3.1991391e-14 
2.825564e-10 3.1900608e-14 
2.785205e-10 3.1899168e-14 
2.772855e-10 3.1871349e-14 
2.782834e-10 3.2023791e-14 
2.791508e-10 3.1896027e-14 
2.840534e-10 3.1858569e-14 
2.768598e-10 3.1845609e-14 
2.754839e-10 3.2013306e-14 
2.821933e-10 3.1746231e-14 
2.95327e-10 3.1888638e-14 
2.905918e-10 3.2078709e-14 
2.848792e-10 3.2026005e-14 
2.850958e-10 3.1888341e-14 
2.870331e-10 3.1982319e-14 
3.038293e-10 3.1969386e-14 
2.840835e-10 3.2016744e-14 
3.053275e-10 3.1974669e-14 
3.006255e-10 3.2197347e-14 
2.823012e-10 3.2026104e-14 
2.847797e-10 3.1864041e-14 
2.881395e-10 3.1894317e-14 
2.791008e-10 3.1856886e-14 
2.662268e-10 3.1961862e-14 
2.77533e-10 3.1711266e-14 
2.872053e-10 3.1822002e-14 
2.767367e-10 3.2112054e-14 
2.908058e-10 3.2004072e-14 
2.7925e-10 3.2025843e-14 
2.843356e-10 3.2204025e-14 
2.907864e-10 3.1764483e-14 
2.970363e-10 3.1747437e-14 
3.007261e-10 3.1973706e-14 
2.817154e-10 3.1892796e-14 
3.004165e-10 3.185874e-14 
2.83659e-10 3.1958811e-14 
2.676171e-10 3.1842144e-14 
2.836213e-10 3.1965552e-14 
2.861265e-10 3.2018337e-14 
2.854271e-10 3.1909455e-14 
2.700735e-10 3.1871817e-14 
2.934975e-10 3.1996494e-14 
2.88265e-10 3.1761396e-14 
2.580506e-10 3.1742424e-14 
2.912373e-10 3.1898997e-14 
2.640162e-10 3.1912695e-14 
2.958102e-10 3.1882095e-14 
3.051482e-10 3.1930893e-14 
2.922988e-10 3.1916097e-14 
2.861754e-10 3.1928796e-14 
2.69102e-10 3.1764681e-14 
2.76473e-10 3.1780179e-14 
2.982444e-10 3.1734576e-14 
2.891538e-10 3.2065929e-14 
2.773272e-10 3.2353911e-14 
2.84883e-10 3.1830444e-14 
2.996352e-10 3.1774086e-14 
2.841425e-10 3.1922541e-14 
2.848571e-10 3.1886415e-14 
2.760157e-10 3.1899933e-14 
2.799988e-10 3.2175963e-14 
2.914087e-10 3.1718394e-14 
3.062726e-10 3.1816971e-14 
2.92299e-10 3.1874661e-14 
2.797496e-10 3.1856058e-14 
2.868598e-10 3.1763358e-14 
2.782993e-10 3.2014071e-14 
2.789432e-10 3.1877154e-14 
2.819228e-10 3.1971915e-14 
2.814436e-10 3.176379e-14 
2.786921e-10 3.1798971e-14 
2.913822e-10 3.1770666e-14 
2.85039e-10 3.1976694e-14 
3.226757e-10 3.1895694e-14 
2.874695e-10 3.2043123e-14 
2.944668e-10 3.1972734e-14 
2.99221e-10 3.1994046e-14 
2.832482e-10 3.1980915e-14 
2.788467e-10 3.190806e-14 
2.887767e-10 3.1802535e-14 
2.867095e-10 3.1938111e-14 
2.698831e-10 3.1899591e-14 
3.039483e-10 3.1967955e-14 
2.898088e-10 3.2004693e-14 
2.934e-10 3.1949964e-14 
2.872247e-10 3.1949145e-14 
2.839098e-10 3.2053212e-14 
2.811353e-10 3.1875705e-14 
2.748974e-10 3.1693572e-14 
2.87348e-10 3.2121648e-14 
2.937939e-10 3.1763808e-14 
2.890414e-10 3.2127759e-14 
2.827391e-10 3.1914468e-14 
2.843957e-10 3.183642e-14 
2.846177e-10 3.1717791e-14 
2.77883e-10 3.164562e-14 
2.740543e-10 3.1826439e-14 
2.784431e-10 3.2065308e-14 
2.959282e-10 3.205665e-14 
2.787168e-10 3.1876182e-14 
2.881339e-10 3.1946886e-14 
2.771579e-10 3.2020569e-14 
2.762565e-10 3.2032332e-14 
2.73516e-10 3.175983e-14 
2.792954e-10 3.1776534e-14 
2.760595e-10 3.1970637e-14 
2.875789e-10 3.2015583e-14 
2.85244e-10 3.1815162e-14 
2.912181e-10 3.1963491e-14 
3.013607e-10 3.188484e-14 
2.779435e-10 3.1974003e-14 
2.844572e-10 3.1846851e-14 
3.006837e-10 3.2095071e-14 
2.925429e-10 3.1926096e-14 
2.847058e-10 3.1923342e-14 
2.86497e-10 3.1807287e-14 
2.921963e-10 3.1999545e-14 
2.893953e-10 3.1819446e-14 
2.84466e-10 3.2104998e-14 
2.756067e-10 3.1809897e-14 
2.946459e-10 3.1834449e-14 
2.705077e-10 3.1685823e-14 
2.790354e-10 3.1935276e-14 
2.889753e-10 3.1972365e-14 
2.959948e-10 3.1850001e-14 
2.847464e-10 3.1858956e-14 
2.831496e-10 3.1886784e-14 
2.902834e-10 3.1968639e-14 
3.136303e-10 3.1782969e-14 
2.944865e-10 3.1969629e-14 
2.789785e-10 3.1899105e-14 
2.96487e-10 3.1871475e-14 
2.720419e-10 3.1972644e-14 
2.733756e-10 3.2131296e-14 
2.835252e-10 3.1882491e-14 
2.79205e-10 3.1677516e-14 
2.684776e-10 3.2120163e-14 
2.595546e-10 3.196125e-14 
2.822257e-10 3.1762575e-14 
2.955675e-10 3.2021415e-14 
2.69253e-10 3.1893462e-14 
2.812169e-10 3.1901328e-14 
2.933503e-10 3.1910859e-14 
2.877e-10 3.1852746e-14 
2.87809e-10 3.1825017e-14 
3.047405e-10 3.1856499e-14 
2.713097e-10 3.1850442e-14 
2.804156e-10 3.184317e-14 
2.870971e-10 3.2015259e-14 
2.752454e-10 3.1949154e-14 
2.87121e-10 3.1884039e-14 
2.861078e-10 3.1889943e-14 
2.803077e-10 3.1907997e-14 
2.791164e-10 3.174201e-14 
2.89004e-10 3.1861251e-14 
2.884745e-10 3.1797972e-14 
3.035122e-10 3.2144688e-14 
3.034455e-10 3.2031441e-14 
3.028253e-10 3.2191425e-14 
2.901528e-10 3.174165e-14 
2.866185e-10 3.1921515e-14 
2.745648e-10 3.18609e-14 
2.9915e-10 3.191076e-14 
2.743051e-10 3.1960872e-14 
3.025554e-10 3.2054364e-14 
2.814416e-10 3.2160951e-14 
2.746347e-10 3.1804902e-14 
2.891622e-10 3.185199e-14 
2.762516e-10 3.1727331e-14 
2.850338e-10 3.1863051e-14 
2.927957e-10 3.1787793e-14 
2.741791e-10 3.1843134e-14 
2.84241e-10 3.1817547e-14 
2.906064e-10 3.1892364e-14 
2.776036e-10 3.1932846e-14 
2.899291e-10 3.1888458e-14 
2.911085e-10 3.1837131e-14 
2.933677e-10 3.1814118e-14 
2.611347e-10 3.170997e-14 
2.89121e-10 3.200337e-14 
2.758794e-10 3.2296743e-14 
2.976732e-10 3.182067e-14 
3.091343e-10 3.1907493e-14 
2.793882e-10 3.1867524e-14 
2.894356e-10 3.1703301e-14 
2.800962e-10 3.2007591e-14 
2.961591e-10 3.2078061e-14 
2.859243e-10 3.2099904e-14 
2.839818e-10 3.1795344e-14 
2.781196e-10 3.2018337e-14 
2.891053e-10 3.1952844e-14 
2.766248e-10 3.1829922e-14 
2.905293e-10 3.1924431e-14 
2.789307e-10 3.1862466e-14 
2.823738e-10 3.1847895e-14 
2.966437e-10 3.1783104e-14 
2.993618e-10 3.2069772e-14 
3.03088e-10 3.1834701e-14 
2.759201e-10 3.1635279e-14 
2.70898e-10 3.1877253e-14 
2.752162e-10 3.1964409e-14 
2.751054e-10 3.1599837e-14 
2.773513e-10 3.1876218e-14 
2.836991e-10 3.172086e-14 
2.710799e-10 3.2034951e-14 
2.741335e-10 3.2162535e-14 
2.911102e-10 3.194703e-14 
2.899162e-10 3.1819833e-14 
2.899229e-10 3.1879557e-14 
3.019377e-10 3.2018967e-14 
2.762786e-10 3.1827528e-14 
2.711823e-10 3.184317e-14 
2.912043e-10 3.1880538e-14 
2.977251e-10 3.1964175e-14 
2.718077e-10 3.1883337e-14 
2.955791e-10 3.1811256e-14 
3.112046e-10 3.1796244e-14 
2.673651e-10 3.2278059e-14 
2.773961e-10 3.1999914e-14 
3.032564e-10 3.1904424e-14 
2.974453e-10 3.1985955e-14 
2.964696e-10 3.1727682e-14 
3.049338e-10 3.2083632e-14 
2.899731e-10 3.208059e-14 
2.890356e-10 3.189987e-14 
2.762029e-10 3.1884696e-14 
2.759875e-10 3.1841784e-14 
2.709012e-10 3.1847643e-14 
2.850765e-10 3.1682493e-14 
3.192833e-10 3.1652541e-14 
2.752455e-10 3.189933e-14 
2.836534e-10 3.1754619e-14 
2.953173e-10 3.2018706e-14 
2.985474e-10 3.2129397e-14 
2.859551e-10 3.1857003e-14 
2.850523e-10 3.169431e-14 
2.850601e-10 3.1699746e-14 
2.924954e-10 3.1994361e-14 
2.802875e-10 3.1976613e-14 
2.955857e-10 3.1891113e-14 
2.740062e-10 3.2035761e-14 
2.931122e-10 3.1691133e-14 
2.799125e-10 3.2155272e-14 
